004080907005070010736000000000007090570009003000530270900001000040802000100040000
100403079040100300000075001091060020800730000400501006000000000000006000000000000
300010780815040000000008001190002070050860002008090100000200000000500000000000000
016040007000080246400600000060200059900013060007060100000001000000002000000000000
470105006005008010800640000040020670000091008900406003000000000000300000000000000
107020500050090100000000638010700000200300016069041000000800007000904050000030004
000900000000600000000045000360020000004500060007000102000008000000060000000007000
000000000000052000000100000001960004800001790000007100000004000000800000000010000
000306000000000000000000000006203500000894000090070040000000000000000000000401000
000000000000530000000007000200084900018200005007300000000700000000008000000010000
000009000000002000000530000000080067070004900604000800000100000000020000000600000
900016000060200000000500000210074000009180000804002090040000000700800000508009000
000780000000043000000000000700060080230908400060070002000090000000100000000004000
000073000000060000000080000500002700000007016073050200000000000000600000000500000
000450000000090000000060000001300007720600000009040210000000000000001000000004000
000064000000230000000000000050010002008602071200090060000080000000006000000400000
000810009000009020000003000000520096000046300060300402000000080000001003000600201
000060000000000000000900000005800060090600001070059300000086000000090000000100000
000008000000901000000300000032610070000700000790000000000000000000200000000000000
000000000000307000000060000000000000003271900041905680000706000000080000000000000
000200000000109000000003000030024950000006000000000038000000000000008000000000000
000070000000000000000005000050008100100007080009520060000180000000060000000002000
160200000090370000020009000000060570250037000008400000500003000300600000006020000
000800000000007000000003000000000084473001000900570000000708000000060000000050000
000000000000009000000000000000091080000800009090304100000003000000400000000060000
000000000000800000000000000010520000500003000004609030000400000000005000000030000
000009000000400000000200000210000000000300175000068003000903000000040000000010000
000002018000018040000500020067050000000680093000001700000100004000005006000020900
000000000000003000000100000600780004000032000800410002000300000000004000000000000
000000000000009000000061000030054800007020040080096200000012000000005000000000000
000030000000000000000070000000604000108000603000803000000080000000000000000020000
000000000000400000000230000004710080030080700001390040000960000000800000000000000
000000000000200000000009000200016004000920000700084005000002000000600000000000000
009050000300200000500008000002500000950084000000030410070003000020890000890600000
000030000000060000000209000700810000641007000000000037000001000000002000000700000
000030000000500000000006000030405600000900007000061040000000000000007000000000000
000050000000007000000300000005602040900005000020170000000000000000200000000000000
000060000000030000000405000000054008000800247740000000000500000000300000000002000
000080700000003009000700008000002800000690045039070000000900050000064080000001076
000400000000060000000038000010087600060900008007500030000800000000000000000020000
000000000000200000000000000360000000000900000049570030000700000000104000000005000
000000000000050000000308000014709860003812900000000000000020000000107000000000000
000000000000009000000000000000000074000004000040063910000002000000805000000400000
000009000000040000000630000004390070300004050090007100000001000000000000000070000
208007000100300000030000000302001090001980000640035000000800000010500000700024000
000006000000400000000050000020060008610802500800030060000000000000073000000520000
000600000000700000000000000015090600000006053900003400000030000000050000000064000
000004000000003000000000000001090730980400000002300004000070000000040000000630000
000800000000009000000050000600070090004302057050090004000000000000930000000015000
000800902000002008000000050070400509000069100000170026000005000000001030000640005
000008000000010000000002000004000209001800070960020000000081000000900000000200000
000090000000100000000008000000005700500004290008270006000400000000081000000000000
000802000000000000000000000050010070000598000009407500000000000000000000000306000
000070000000004000000600000003500000054800001800036500000003000000460000000000000
000800000000030000000200000607000500090008700000070036000380000000001000000009000
400020000070103000600007000000270830230001004000006010345000000002010060001030502
000000000000005000000000000100702009200350000068040020000021008080900100900807042
000000000000800000000400000003070400070960005560008070000001004791020000400080290
000000000000009000000003000002080600600027080010600025200500000000040913064030007
000000000000400000000000000400602009000014005080030420500780000001006050760501002
000040007000207010000500002013092000500800064080100000000000486050030900106020300

source:
http://sudocue.net/forum/viewtopic.php?p=3892 (forum link is dead)
Mother of All Gattai #1 (October 27, 2007)

