200400000008020003010603800103040570060170304009008020001860000000504000040010000
960000054103000000000006100420007006009060007000529800000071000000690000000000000
410390050006001009005800000200010860030060000607020503000600000000030000000000000
080024056200700100000009700051040003000010070304090501000003000000050000000000000
260000053000000401003800000100400068600030100009618000000580000000076000000000000
000009008100020500002603040075030401204096080090500600000081900000902000000070010
000000000000000000000050000000810000001900040000004302000003000000070000000005000
000009000000050000000000000000500000000090418000076005000062000000700000000005000
000000000000108000000000000010204070800509002000637000000000000000000000000000000
000200000000030000000000000000003000374010000200760000000190000000007000000400000
000000000000000000000030000000043000050001200906500000000600000000020000000300000
160400000300100000040070000000004050000091730004305600006007000800000000500840000
000043000000600000000000000040030000200480000700000308000001000000000000000006000
000006000000000000000080000703409100040003070605008000000030000000902000000000000
000300000000000000000090000002601807010800060000900501000060000000207000000000000
000570000000006000000000000000060050000053009501000003000700000000000000000900000
000001057000008004000060080010700000059230000007804900000100700000000002000082009
000000000000000000000000000000900080020031700900006201000080000000060000000053000
000000000000000000000030000000008050004001602000560000000010000000800000000070000
000107000000206000000050000700305009605000704040608050000403000000000000000000000
000000000000000000000010000060100000102700600000065000000050000000004000000020000
000000000000000000000000000050003000008240050204900001000080000000050000000460000
300107000700020000012005000904000100500346080070000000000508000100700000090003000
000409000000010000000503000000700080002000600700965020000100000000050000000000000
000021000000508000000400000063000000400000000210007043000000000000003000000005000
000720000000405000000008000000000280000000004420600095000000000000500000000800000
000405000000010000000307000030004000006000700040956008000008000000020000000000000
000309008000080004000400590005000907040596003000000040000601000000008001000900030
000070000000300000000000000080796000000001000030842000000000000000100000000060000
000790000000003000000040000450302800009000000610409200000020000000005000000980000
000504000000070000000308000103000907020000040509000308000406000000080000000102000
000068000000100000000070000007605032000000100006301074000010000000700000000056000
000060000000002000000000000000251070000900000000678010000000000000006000000080000
040006000500900000000204000020000000400362090907000200076009000100020000200607000
000000000000060000000700000800614050004000800000500030000201000000090000000806000
000009000000002000000000000630008049700000000089000000000900000000607000000051000
000200000000100000000000000720400036000000008000000410000002000000705000000810000
000000000000040000000006000020471009004000700080005000000708000000090000000204000
000600090000008007000304000000000070050267003006000409000700980000010002000906001
000079000000080000000020000700001508090052400000800090000000000000000000000000000
000080000000300000000060000000910000001008905000004030000020000000000000000000000
000000000000000000000508000010207040203000608900603002000040000000902000000701000
000020000000008000000060000000072000402500900050300000000010000000000000000000000
000760000000030000000050000102500003007380020080001000000000000000000000000000000
100250000300000000007009000006801500000093780000007010080070000200100000410600000
000008000000000000000005000300000402400680000090020000000000000000100000000037000
000000000000407000000020000102004000040009070605802300000040000000000000000005000
000000000000306000000040000000800503050700080008502604000070000000000000000600000
000200000000000000000700000704000009000073004000090010000000000000007000000980000
000065009000000001000400500003904800045170000090800000000040080000009002000007035
000009000000020000000005000000003408001800090000750000000030000000000000000000000
000007000000400000000091000000078005000050843000600000000000000000010000000004000
000000000000000000000000000000916000600305002090402010000000000000803000000000000
000600000000004000000280000700460000834020000000008000000000000000030000000800000
000700000000020000000300000601200000020009700000081000000040000000000000000000000
010020000000501000003490000006004070030970102905010360040109700001030008600700000
000000000000130000000057000000462500002090004640008002000003900705000000260000087
000000000000020000000800000801030704040080000900040810002300000007009005590460080
000000000000020000000009000201080704000060030063010008000001800400800300080035012
000000000000069000000430000001592000300040600200300095006900000000000509980000042
000040010000106000000078300030200900702019080084060701006703090300090200000001005

source:
http://www.djape.net/sudoku/forum/viewtopic.php?t=1162 (forum link is dead)
Mother of All Gattai #2 (October 27, 2007)

