.652.941........5..91.....2.54.8...7...7.6.....7.5.34.2....3.......2......8......
..5.....1......47...745.62.4..781...9.1..3....58..2......9.5......87.......3.....
..4.....33..41..6..2.5..89......49....3.2..1.7..89...5....4.......3.7............
..1...........12.37..3.46.1....4...2.8.7.5.....5.8...7...6....9...5...26.....98..
.....4........8.......9.......472...52.6..84....9.................56........1....
.....9.......7.........5...9.1...7....79.1.5..4...78.....8...................4...
....9........3..............6.972...89...34.......4.23....4........6.............
1....9....73.5......93........2...8..8..976...12..3.9.3...7......1.......4...6...
....3.................2.....7.25.8.......7..5...18...7....4........72............
..............6...............7.5....592.18.3.2..8.........7...............51....
....41......8........26.4.5976..85...2...78....8695.........19.......75.........4
.............8.......4.6...3.2.54..6.9...........1.3.....94.........8......1.....
.......................1.....65.8.......7.......9.61.....8.......................
.....1......5.........87.....3.7...........7.1..36.2.5...7.5.......2.............
3.........65.......14.........2695....14...9...21..7468.6.92........7......64....
....64...............9.........2..3.3.21.875....6.5...............8..............
............64........3....1...83...8..9.......2.51.8.....2.................6....
...9...5.......3......4...8.6.7..84...936..2..7...1........95......3.97....5....4
.............3........8....83.6.......68...75...319.8..............7........4....
...8...................7.....89...6..4.5.67....9...5.2...1.........5.......7.....
....2........94.................1....85..9.16...862.......8.......5........9.....
..18.....73...5...6....1...4...7.8.....6.4.9.2...5....5.37.9..48.74...........6..
............1.6.......5....1...43..9.4..8.7....95......83..9.6..7..35..84.....1..
.....6.......35......7.1......9..12....1..3.8...572..6.82.596...51......4.....2..
......4......6.......7....3.58.1.2.....6.5...6...9.31.8.....63..4........971.684.

0 6 5 2 0 9 4 1 0 X X X 0 0 5 0 0 0 0 0 1 X X X 0 0 4 0 0 0 0 0 3 X X X 0 0 1 0 0 0 0 0 0 
0 0 0 0 0 0 0 5 0 X X X 0 0 0 0 0 0 4 7 0 X X X 3 0 0 4 1 0 0 6 0 X X X 0 0 0 0 0 1 2 0 3 
0 9 1 0 0 0 0 0 2 X X X 0 0 7 4 5 0 6 2 0 X X X 0 2 0 5 0 0 8 9 0 X X X 7 0 0 3 0 4 6 0 1 
0 5 4 0 8 0 0 0 7 X X X 4 0 0 7 8 1 0 0 0 X X X 0 0 0 0 0 4 9 0 0 X X X 0 0 0 0 4 0 0 0 2 
0 0 0 7 0 6 0 0 0 X X X 9 0 1 0 0 3 0 0 0 X X X 0 0 3 0 2 0 0 1 0 X X X 0 8 0 7 0 5 0 0 0 
0 0 7 0 5 0 3 4 0 X X X 0 5 8 0 0 2 0 0 0 X X X 7 0 0 8 9 0 0 0 5 X X X 0 0 5 0 8 0 0 0 7 
2 0 0 0 0 3 0 0 0 0 0 4 0 0 0 9 0 5 0 0 0 0 0 9 0 0 0 0 4 0 0 0 0 0 9 0 0 0 0 6 0 0 0 0 9 
0 0 0 0 2 0 0 0 0 0 0 8 0 0 0 8 7 0 0 0 0 0 7 0 0 0 0 3 0 7 0 0 0 0 3 0 0 0 0 5 0 0 0 2 6 
0 0 8 0 0 0 0 0 0 0 9 0 0 0 0 3 0 0 0 0 0 0 0 5 0 0 0 0 0 0 0 0 0 0 0 0 0 0 0 0 0 9 8 0 0 
X X X X X X 0 0 0 4 7 2 0 0 0 X X X 9 0 1 0 0 0 7 0 0 X X X 0 6 0 9 7 2 0 0 0 X X X X X X 
X X X X X X 5 2 0 6 0 0 8 4 0 X X X 0 0 7 9 0 1 0 5 0 X X X 8 9 0 0 0 3 4 0 0 X X X X X X 
X X X X X X 0 0 0 9 0 0 0 0 0 X X X 0 4 0 0 0 7 8 0 0 X X X 0 0 0 0 0 4 0 2 3 X X X X X X 
1 0 0 0 0 9 0 0 0 0 0 0 0 0 0 0 3 0 0 0 0 8 0 0 0 0 0 0 0 0 0 0 0 0 4 0 0 0 0 0 4 1 0 0 0 
0 7 3 0 5 0 0 0 0 5 6 0 0 0 0 0 0 0 0 0 0 0 0 0 0 0 0 0 0 6 0 0 0 0 6 0 0 0 0 8 0 0 0 0 0 
0 0 9 3 0 0 0 0 0 0 1 0 0 0 0 0 2 0 0 0 0 0 0 4 0 0 0 0 0 0 0 0 0 0 0 0 0 0 0 2 6 0 4 0 5 
0 0 0 2 0 0 0 8 0 X X X 0 7 0 2 5 0 8 0 0 X X X 0 0 0 7 0 5 0 0 0 X X X 9 7 6 0 0 8 5 0 0 
0 8 0 0 9 7 6 0 0 X X X 0 0 0 0 0 7 0 0 5 X X X 0 5 9 2 0 1 8 0 3 X X X 0 2 0 0 0 7 8 0 0 
0 1 2 0 0 3 0 9 0 X X X 0 0 0 1 8 0 0 0 7 X X X 0 2 0 0 8 0 0 0 0 X X X 0 0 8 6 9 5 0 0 0 
3 0 0 0 7 0 0 0 0 0 0 0 0 0 0 0 4 0 0 0 0 0 0 0 0 0 0 0 0 7 0 0 0 0 0 1 0 0 0 0 0 0 1 9 0 
0 0 1 0 0 0 0 0 0 0 8 0 0 0 0 0 7 2 0 0 0 0 0 0 0 0 0 0 0 0 0 0 0 5 0 0 0 0 0 0 0 0 7 5 0 
0 4 0 0 0 6 0 0 0 4 0 6 0 0 0 0 0 0 0 0 0 0 0 1 0 0 0 5 1 0 0 0 0 0 8 7 0 0 0 0 0 0 0 0 4 
X X X X X X 3 0 2 0 5 4 0 0 6 X X X 0 0 6 5 0 8 0 0 0 X X X 0 0 3 0 7 0 0 0 0 X X X X X X 
X X X X X X 0 9 0 0 0 0 0 0 0 X X X 0 0 0 0 7 0 0 0 0 X X X 0 0 0 0 0 0 0 7 0 X X X X X X 
X X X X X X 0 0 0 0 1 0 3 0 0 X X X 0 0 0 9 0 6 1 0 0 X X X 1 0 0 3 6 0 2 0 5 X X X X X X 
3 0 0 0 0 0 0 0 0 9 4 0 0 0 0 0 6 4 0 0 0 8 0 0 0 0 0 0 0 0 0 0 0 7 0 5 0 0 0 9 0 0 0 5 0 
0 6 5 0 0 0 0 0 0 0 0 8 0 0 0 0 0 0 0 0 0 0 0 0 0 0 0 6 4 0 0 0 0 0 2 0 0 0 0 0 0 0 3 0 0 
0 1 4 0 0 0 0 0 0 1 0 0 0 0 0 9 0 0 0 0 0 0 0 0 0 0 0 0 3 0 0 0 0 0 0 0 0 0 0 0 4 0 0 0 8 
0 0 0 2 6 9 5 0 0 X X X 0 0 0 0 2 0 0 3 0 X X X 1 0 0 0 8 3 0 0 0 X X X 0 6 0 7 0 0 8 4 0 
0 0 1 4 0 0 0 9 0 X X X 3 0 2 1 0 8 7 5 0 X X X 8 0 0 9 0 0 0 0 0 X X X 0 0 9 3 6 0 0 2 0 
0 0 2 1 0 0 7 4 6 X X X 0 0 0 6 0 5 0 0 0 X X X 0 0 2 0 5 1 0 8 0 X X X 0 7 0 0 0 1 0 0 0 
8 0 6 0 9 2 0 0 0 0 0 0 0 0 0 0 0 0 0 0 0 8 0 0 0 0 0 0 2 0 0 0 0 0 2 0 0 0 0 0 0 9 5 0 0 
0 0 0 0 0 7 0 0 0 0 3 0 0 0 0 8 0 0 0 0 0 0 0 0 0 0 0 0 0 0 0 0 0 0 9 4 0 0 0 0 3 0 9 7 0 
0 0 0 6 4 0 0 0 0 0 8 0 0 0 0 0 0 0 0 0 0 0 0 7 0 0 0 0 6 0 0 0 0 0 0 0 0 0 0 5 0 0 0 0 4 
X X X X X X 8 3 0 6 0 0 0 0 0 X X X 0 0 8 9 0 0 0 6 0 X X X 0 0 0 0 0 1 0 0 0 X X X X X X 
X X X X X X 0 0 6 8 0 0 0 7 5 X X X 0 4 0 5 0 6 7 0 0 X X X 0 8 5 0 0 9 0 1 6 X X X X X X 
X X X X X X 0 0 0 3 1 9 0 8 0 X X X 0 0 9 0 0 0 5 0 2 X X X 0 0 0 8 6 2 0 0 0 X X X X X X 
0 0 1 8 0 0 0 0 0 0 0 0 0 0 0 0 0 0 0 0 0 1 0 0 0 0 0 0 0 6 0 0 0 0 8 0 0 0 0 0 0 0 4 0 0 
7 3 0 0 0 5 0 0 0 0 7 0 0 0 0 1 0 6 0 0 0 0 5 0 0 0 0 0 3 5 0 0 0 5 0 0 0 0 0 0 6 0 0 0 0 
6 0 0 0 0 1 0 0 0 0 4 0 0 0 0 0 5 0 0 0 0 7 0 0 0 0 0 7 0 1 0 0 0 9 0 0 0 0 0 7 0 0 0 0 3 
4 0 0 0 7 0 8 0 0 X X X 1 0 0 0 4 3 0 0 9 X X X 0 0 0 9 0 0 1 2 0 X X X 0 5 8 0 1 0 2 0 0 
0 0 0 6 0 4 0 9 0 X X X 0 4 0 0 8 0 7 0 0 X X X 0 0 0 1 0 0 3 0 8 X X X 0 0 0 6 0 5 0 0 0 
2 0 0 0 5 0 0 0 0 X X X 0 0 9 5 0 0 0 0 0 X X X 0 0 0 5 7 2 0 0 6 X X X 6 0 0 0 9 0 3 1 0 
5 0 3 7 0 9 0 0 4 X X X 0 8 3 0 0 9 0 6 0 X X X 0 8 2 0 5 9 6 0 0 X X X 8 0 0 0 0 0 6 3 0 
8 0 7 4 0 0 0 0 0 X X X 0 7 0 0 3 5 0 0 8 X X X 0 5 1 0 0 0 0 0 0 X X X 0 4 0 0 0 0 0 0 0 
0 0 0 0 0 0 6 0 0 X X X 4 0 0 0 0 0 1 0 0 X X X 4 0 0 0 0 0 2 0 0 X X X 0 9 7 1 0 6 8 4 0 

.652.941.   ..5.....1   ..4.....3   ..1......
.......5.   ......47.   3..41..6.   .....12.3
.91.....2   ..745.62.   .2.5..89.   7..3.46.1
.54.8...7   4..781...   .....49..   ....4...2
...7.6...   9.1..3...   ..3.2..1.   .8.7.5...
..7.5.34.   .58..2...   7..89...5   ..5.8...7
2....3.....4...9.5.....9....4.....9....6....9
....2......8...87.....7....3.7....3....5...26
..8.......9....3.......5.................98..
      ...472...   9.1...7..   .6.972...      
      52.6..84.   ..79.1.5.   89...34..      
      ...9.....   .4...78..   .....4.23      
1....9..........3....8............4.....41...
.73.5....56..................6....6....8.....
..93......1.....2......4...............26.4.5
...2...8.   .7.25.8..   ...7.5...   976..85..
.8..976..   .....7..5   .592.18.3   .2...78..
.12..3.9.   ...18...7   .2..8....   ..8695...
3...7...........4............7.....1......19.
..1.......8.....72...............5........75.
.4...6...4.6...........1...51.....87........4
      3.2.54..6   ..65.8...   ..3.7....      
      .9.......   ....7....   .......7.      
      ....1.3..   ...9.61..   1..36.2.5      
3........94.....64...8...........7.5...9...5.
.65........8...............64.....2.......3..
.14......1.....9............3...........4...8
...2695..   ....2..3.   1...83...   .6.7..84.
..14...9.   3.21.875.   8..9.....   ..936..2.
..21..746   ...6.5...   ..2.51.8.   .7...1...
8.6.92...............8......2.....2......95..
.....7....3....8..................94....3.97.
...64.....8............7....6..........5....4
      83.6.....   ..89...6.   .....1...      
      ..68...75   .4.5.67..   .85..9.16      
      ...319.8.   ..9...5.2   ...862...      
..18.................1.......6....8.......4..
73...5....7....1.6....5.....35...5......6....
6....1....4.....5....7.....7.1...9.....7....3
4...7.8..   1...43..9   ...9..12.   .58.1.2..
...6.4.9.   .4..8.7..   ...1..3.8   ...6.5...
2...5....   ..95.....   ...572..6   6...9.31.
5.37.9..4   .83..9.6.   .82.596..   8.....63.
8.74.....   .7..35..8   .51......   .4.......
......6..   4.....1..   4.....2..   .971.684.

1701 total cells
465 filled cells [27%]
1236 empty cells

