..9.6.8..5..2....9.4..8..7.61794...3...12.7.4...3..61.928.......5.........3......
..9..4.5..53..87..1.7..9..4...542.3.....312.7............49...8...2..9......63.4.
.....9........1......4.....56..9.8.....315.....9.2..34.....6......1........8.....
.9.34......7..2...8...57............9.627.....7.594...5..4..7.6..26..81..8.7..5..
......9.........3.......527.78..2...2.6.83...3...57284.3..2..7.6....9..3..4.6.1..

0 0 9 0 6 0 8 0 0 . . . 0 0 9 0 0 4 0 5 0 
5 0 0 2 0 0 0 0 9 . . . 0 5 3 0 0 8 7 0 0 
0 4 0 0 8 0 0 7 0 . . . 1 0 7 0 0 9 0 0 4 
6 1 7 9 4 0 0 0 3 . . . 0 0 0 5 4 2 0 3 0 
0 0 0 1 2 0 7 0 4 . . . 0 0 0 0 3 1 2 0 7 
0 0 0 3 0 0 6 1 0 . . . 0 0 0 0 0 0 0 0 0 
9 2 8 0 0 0 0 0 0 0 0 9 0 0 0 4 9 0 0 0 8 
0 5 0 0 0 0 0 0 0 0 0 1 0 0 0 2 0 0 9 0 0 
0 0 3 0 0 0 0 0 0 4 0 0 0 0 0 0 6 3 0 4 0 
. . . . . . 5 6 0 0 9 0 8 0 0 . . . . . . 
. . . . . . 0 0 0 3 1 5 0 0 0 . . . . . . 
. . . . . . 0 0 9 0 2 0 0 3 4 . . . . . . 
0 9 0 3 4 0 0 0 0 0 0 6 0 0 0 0 0 0 9 0 0 
0 0 7 0 0 2 0 0 0 1 0 0 0 0 0 0 0 0 0 3 0 
8 0 0 0 5 7 0 0 0 8 0 0 0 0 0 0 0 0 5 2 7 
0 0 0 0 0 0 0 0 0 . . . 0 7 8 0 0 2 0 0 0 
9 0 6 2 7 0 0 0 0 . . . 2 0 6 0 8 3 0 0 0 
0 7 0 5 9 4 0 0 0 . . . 3 0 0 0 5 7 2 8 4 
5 0 0 4 0 0 7 0 6 . . . 0 3 0 0 2 0 0 7 0 
0 0 2 6 0 0 8 1 0 . . . 6 0 0 0 0 9 0 0 3 
0 8 0 7 0 0 5 0 0 . . . 0 0 4 0 6 0 1 0 0 

..9.6.8..   ..9..4.5.
5..2....9   .53..87..
.4..8..7.   1.7..9..4
61794...3   ...542.3.
...12.7.4   ....312.7
...3..61.   .........
928........9...49...8
.5.........1...2..9..
..3......4......63.4.
      56..9.8..      
      ...315...      
      ..9.2..34      
.9.34......6......9..
..7..2...1.........3.
8...57...8........527
.........   .78..2...
9.627....   2.6.83...
.7.594...   3...57284
5..4..7.6   .3..2..7.
..26..81.   6....9..3
.8.7..5..   ..4.6.1..

369 total cells
125 filled cells [33%]
244 empty cells

