28.6...35..6..3..83..1.87.......2.71.65...2..8...7.....2.9.......4..7......865...
...2..1.5..1.4...2.2..7..9.5.4...9.82..4.....13...872.....6.5.......9..7.....4.19
....6.........................498...6..1.7..8...356.........................3....
28.1.....3..2.......9.3.....938...76.....2..11.2...5.9.3..1..4.8...7.3..5.6..4...
...267......4..6.......3.4.....3...5..7...81.65.1.......29.8..69..3..1..46...1.23

2 8 0 6 0 0 0 3 5 . . . 0 0 0 2 0 0 1 0 5 
0 0 6 0 0 3 0 0 8 . . . 0 0 1 0 4 0 0 0 2 
3 0 0 1 0 8 7 0 0 . . . 0 2 0 0 7 0 0 9 0 
0 0 0 0 0 2 0 7 1 . . . 5 0 4 0 0 0 9 0 8 
0 6 5 0 0 0 2 0 0 . . . 2 0 0 4 0 0 0 0 0 
8 0 0 0 7 0 0 0 0 . . . 1 3 0 0 0 8 7 2 0 
0 2 0 9 0 0 0 0 0 0 6 0 0 0 0 0 6 0 5 0 0 
0 0 4 0 0 7 0 0 0 0 0 0 0 0 0 0 0 9 0 0 7 
0 0 0 8 6 5 0 0 0 0 0 0 0 0 0 0 0 4 0 1 9 
. . . . . . 0 0 0 4 9 8 0 0 0 . . . . . . 
. . . . . . 6 0 0 1 0 7 0 0 8 . . . . . . 
. . . . . . 0 0 0 3 5 6 0 0 0 . . . . . . 
2 8 0 1 0 0 0 0 0 0 0 0 0 0 0 2 6 7 0 0 0 
3 0 0 2 0 0 0 0 0 0 0 0 0 0 0 4 0 0 6 0 0 
0 0 9 0 3 0 0 0 0 0 3 0 0 0 0 0 0 3 0 4 0 
0 9 3 8 0 0 0 7 6 . . . 0 0 0 0 3 0 0 0 5 
0 0 0 0 0 2 0 0 1 . . . 0 0 7 0 0 0 8 1 0 
1 0 2 0 0 0 5 0 9 . . . 6 5 0 1 0 0 0 0 0 
0 3 0 0 1 0 0 4 0 . . . 0 0 2 9 0 8 0 0 6 
8 0 0 0 7 0 3 0 0 . . . 9 0 0 3 0 0 1 0 0 
5 0 6 0 0 4 0 0 0 . . . 4 6 0 0 0 1 0 2 3 

28.6...35   ...2..1.5
..6..3..8   ..1.4...2
3..1.87..   .2..7..9.
.....2.71   5.4...9.8
.65...2..   2..4.....
8...7....   13...872.
.2.9......6.....6.5..
..4..7...........9..7
...865...........4.19
      ...498...      
      6..1.7..8      
      ...356...      
28.1...........267...
3..2...........4..6..
..9.3.....3......3.4.
.938...76   ....3...5
.....2..1   ..7...81.
1.2...5.9   65.1.....
.3..1..4.   ..29.8..6
8...7.3..   9..3..1..
5.6..4...   46...1.23

369 total cells
120 filled cells [32%]
249 empty cells

