59.6.....2.35.........9..7...13...8.356....2......2..3.1..47.....8..6...6...3....
1...6..87..8.7...6.7..45.1......4.216.7...9...326..................894.....3.....
...9.........8.......5...........8.2.6..5..4.4.3...........5.......9.........7...
.....6.....534..................473...7...4.942.5......5.47..6.8...2.1..96..8...7
....5...8...8..6.....67..4.9..7......6....195.3...27...4..3.........72.3.....1.54

5 9 0 6 0 0 0 0 0 X X X 1 0 0 0 6 0 0 8 7 
2 0 3 5 0 0 0 0 0 X X X 0 0 8 0 7 0 0 0 6 
0 0 0 0 9 0 0 7 0 X X X 0 7 0 0 4 5 0 1 0 
0 0 1 3 0 0 0 8 0 X X X 0 0 0 0 0 4 0 2 1 
3 5 6 0 0 0 0 2 0 X X X 6 0 7 0 0 0 9 0 0 
0 0 0 0 0 2 0 0 3 X X X 0 3 2 6 0 0 0 0 0 
0 1 0 0 4 7 0 0 0 9 0 0 0 0 0 0 0 0 0 0 0 
0 0 8 0 0 6 0 0 0 0 8 0 0 0 0 0 8 9 4 0 0 
6 0 0 0 3 0 0 0 0 5 0 0 0 0 0 3 0 0 0 0 0 
X X X X X X 0 0 0 0 0 0 8 0 2 X X X X X X 
X X X X X X 0 6 0 0 5 0 0 4 0 X X X X X X 
X X X X X X 4 0 3 0 0 0 0 0 0 X X X X X X 
0 0 0 0 0 6 0 0 0 0 0 5 0 0 0 0 5 0 0 0 8 
0 0 5 3 4 0 0 0 0 0 9 0 0 0 0 8 0 0 6 0 0 
0 0 0 0 0 0 0 0 0 0 0 7 0 0 0 6 7 0 0 4 0 
0 0 0 0 0 4 7 3 0 X X X 9 0 0 7 0 0 0 0 0 
0 0 7 0 0 0 4 0 9 X X X 0 6 0 0 0 0 1 9 5 
4 2 0 5 0 0 0 0 0 X X X 0 3 0 0 0 2 7 0 0 
0 5 0 4 7 0 0 6 0 X X X 0 4 0 0 3 0 0 0 0 
8 0 0 0 2 0 1 0 0 X X X 0 0 0 0 0 7 2 0 3 
9 6 0 0 8 0 0 0 7 X X X 0 0 0 0 0 1 0 5 4 

59.6.....   1...6..87
2.35.....   ..8.7...6
....9..7.   .7..45.1.
..13...8.   .....4.21
356....2.   6.7...9..
.....2..3   .326.....
.1..47...9...........
..8..6....8.....894..
6...3....5.....3.....
      ......8.2      
      .6..5..4.      
      4.3......      
.....6.....5....5...8
..534.....9....8..6..
...........7...67..4.
.....473.   9..7.....
..7...4.9   .6....195
42.5.....   .3...27..
.5.47..6.   .4..3....
8...2.1..   .....72.3
96..8...7   .....1.54

369 total cells
109 filled cells [29%]
260 empty cells

