...2.3.......8.....76.5..93348.9.....69.4.3.57......8..8.7.6...412.3.............
.7....54..9.....71.84.....2...85.....2..719.47.......3...9........4.7........6...
....9...117...3.....9.......17..98...2.43.7..5..68................5........91....
3.4.........6....49.6.75.8..3.5.......7....9.1..2.743........7.....61..8....3....
.....8.................2.......71...........5..25..1..............1..........9...
.......................4........13..38..4..75..27........9.......................
...4..........8..............9..21..5...........74.......8.................3.....
....7....3..12.....6........742.5..1.9....6.......4.9..1.65.7.22....7.........1.9
....56........4................19..8..9.28.6...83..12.......3.....5...979...4....
...7........8.2........3...2.......98.329..5.....35...6.....19.34.....2..21....4.
.............3.154...1.8.9..6......95.9.6.34.....7.86165..1.93.....9.......4.5...

0 0 0 2 0 3 0 0 0 . . . 0 7 0 0 0 0 5 4 0 . . . 0 0 0 0 9 0 0 0 1 . . . 3 0 4 0 0 0 0 0 0 
0 0 0 0 8 0 0 0 0 . . . 0 9 0 0 0 0 0 7 1 . . . 1 7 0 0 0 3 0 0 0 . . . 0 0 0 6 0 0 0 0 4 
0 7 6 0 5 0 0 9 3 . . . 0 8 4 0 0 0 0 0 2 . . . 0 0 9 0 0 0 0 0 0 . . . 9 0 6 0 7 5 0 8 0 
3 4 8 0 9 0 0 0 0 . . . 0 0 0 8 5 0 0 0 0 . . . 0 1 7 0 0 9 8 0 0 . . . 0 3 0 5 0 0 0 0 0 
0 6 9 0 4 0 3 0 5 . . . 0 2 0 0 7 1 9 0 4 . . . 0 2 0 4 3 0 7 0 0 . . . 0 0 7 0 0 0 0 9 0 
7 0 0 0 0 0 0 8 0 . . . 7 0 0 0 0 0 0 0 3 . . . 5 0 0 6 8 0 0 0 0 . . . 1 0 0 2 0 7 4 3 0 
0 8 0 7 0 6 0 0 0 0 0 8 0 0 0 9 0 0 0 0 0 0 0 0 0 0 0 0 0 0 0 0 0 4 0 0 0 0 0 0 0 0 0 7 0 
4 1 2 0 3 0 0 0 0 0 0 0 0 0 0 4 0 7 0 0 0 0 0 0 0 0 0 5 0 0 0 0 0 0 0 8 0 0 0 0 6 1 0 0 8 
0 0 0 0 0 0 0 0 0 0 0 2 0 0 0 0 0 6 0 0 0 0 0 4 0 0 0 9 1 0 0 0 0 0 0 0 0 0 0 0 3 0 0 0 0 
. . . . . . 0 0 0 0 7 1 0 0 0 . . . 0 0 0 0 0 1 3 0 0 . . . 0 0 9 0 0 2 1 0 0 . . . . . . 
. . . . . . 0 0 0 0 0 0 0 0 5 . . . 3 8 0 0 4 0 0 7 5 . . . 5 0 0 0 0 0 0 0 0 . . . . . . 
. . . . . . 0 0 2 5 0 0 1 0 0 . . . 0 0 2 7 0 0 0 0 0 . . . 0 0 0 7 4 0 0 0 0 . . . . . . 
0 0 0 0 7 0 0 0 0 0 0 0 0 0 0 0 5 6 0 0 0 9 0 0 0 0 0 7 0 0 0 0 0 8 0 0 0 0 0 0 0 0 0 0 0 
3 0 0 1 2 0 0 0 0 1 0 0 0 0 0 0 0 4 0 0 0 0 0 0 0 0 0 8 0 2 0 0 0 0 0 0 0 0 0 0 3 0 1 5 4 
0 6 0 0 0 0 0 0 0 0 0 9 0 0 0 0 0 0 0 0 0 0 0 0 0 0 0 0 0 3 0 0 0 3 0 0 0 0 0 1 0 8 0 9 0 
0 7 4 2 0 5 0 0 1 . . . 0 0 0 0 1 9 0 0 8 . . . 2 0 0 0 0 0 0 0 9 . . . 0 6 0 0 0 0 0 0 9 
0 9 0 0 0 0 6 0 0 . . . 0 0 9 0 2 8 0 6 0 . . . 8 0 3 2 9 0 0 5 0 . . . 5 0 9 0 6 0 3 4 0 
0 0 0 0 0 4 0 9 0 . . . 0 0 8 3 0 0 1 2 0 . . . 0 0 0 0 3 5 0 0 0 . . . 0 0 0 0 7 0 8 6 1 
0 1 0 6 5 0 7 0 2 . . . 0 0 0 0 0 0 3 0 0 . . . 6 0 0 0 0 0 1 9 0 . . . 6 5 0 0 1 0 9 3 0 
2 0 0 0 0 7 0 0 0 . . . 0 0 0 5 0 0 0 9 7 . . . 3 4 0 0 0 0 0 2 0 . . . 0 0 0 0 9 0 0 0 0 
0 0 0 0 0 0 1 0 9 . . . 9 0 0 0 4 0 0 0 0 . . . 0 2 1 0 0 0 0 4 0 . . . 0 0 0 4 0 5 0 0 0 

...2.3...   .7....54.   ....9...1   3.4......
....8....   .9.....71   17...3...   ...6....4
.76.5..93   .84.....2   ..9......   9.6.75.8.
348.9....   ...85....   .17..98..   .3.5.....
.69.4.3.5   .2..719.4   .2.43.7..   ..7....9.
7......8.   7.......3   5..68....   1..2.743.
.8.7.6.....8...9.................4.........7.
412.3..........4.7.........5.......8....61..8
...........2.....6.....4...91...........3....
      ....71...   .....13..   ..9..21..      
      ........5   38..4..75   5........      
      ..25..1..   ..27.....   ...74....      
....7...........56...9.....7.....8...........
3..12....1.......4.........8.2..........3.154
.6.........9.................3...3.....1.8.9.
.742.5..1   ....19..8   2.......9   .6......9
.9....6..   ..9.28.6.   8.329..5.   5.9.6.34.
.....4.9.   ..83..12.   ....35...   ....7.861
.1.65.7.2   ......3..   6.....19.   65..1.93.
2....7...   ...5...97   34.....2.   ....9....
......1.9   9...4....   .21....4.   ...4.5...

783 total cells
213 filled cells [27%]
570 empty cells

# --------
# solution
# --------

951273846234689157876154293348597612169842375725361984583716429412935768697428531
273168549695234871184795362439852716826371954751649283567913428312487695948526137
462795381175843629389126574617259843928431765534687912791364258843572196256918437
384129567715683924926475183239548716547316892168297435693854271472961358851732649
429318567768945312531762948654871239197234685382596174216457893945183726873629451
428635791695127843137894256769581324381249675542763189214976538853412967976358412
258417693196538472437926851749652138523189764681743529962874315314265987875391246
945873216387126945162549873674295381593781624821364597419658732236917458758432169
893756214726194853451832976572619438319428765648375129185967342234581697967243581
538741962967852314412963875256178439873294651194635287685427193349516728721389546
315947286987236154246158793861324579579861342432579861654712938728693415193485627

9 5 1 2 7 3 8 4 6 . . . 2 7 3 1 6 8 5 4 9 . . . 4 6 2 7 9 5 3 8 1 . . . 3 8 4 1 2 9 5 6 7 
2 3 4 6 8 9 1 5 7 . . . 6 9 5 2 3 4 8 7 1 . . . 1 7 5 8 4 3 6 2 9 . . . 7 1 5 6 8 3 9 2 4 
8 7 6 1 5 4 2 9 3 . . . 1 8 4 7 9 5 3 6 2 . . . 3 8 9 1 2 6 5 7 4 . . . 9 2 6 4 7 5 1 8 3 
3 4 8 5 9 7 6 1 2 . . . 4 3 9 8 5 2 7 1 6 . . . 6 1 7 2 5 9 8 4 3 . . . 2 3 9 5 4 8 7 1 6 
1 6 9 8 4 2 3 7 5 . . . 8 2 6 3 7 1 9 5 4 . . . 9 2 8 4 3 1 7 6 5 . . . 5 4 7 3 1 6 8 9 2 
7 2 5 3 6 1 9 8 4 . . . 7 5 1 6 4 9 2 8 3 . . . 5 3 4 6 8 7 9 1 2 . . . 1 6 8 2 9 7 4 3 5 
5 8 3 7 1 6 4 2 9 3 1 8 5 6 7 9 1 3 4 2 8 6 3 5 7 9 1 3 6 4 2 5 8 4 1 7 6 9 3 8 5 4 2 7 1 
4 1 2 9 3 5 7 6 8 9 4 5 3 1 2 4 8 7 6 9 5 1 2 7 8 4 3 5 7 2 1 9 6 5 3 8 4 7 2 9 6 1 3 5 8 
6 9 7 4 2 8 5 3 1 7 6 2 9 4 8 5 2 6 1 3 7 8 9 4 2 5 6 9 1 8 4 3 7 9 2 6 8 5 1 7 3 2 6 4 9 
. . . . . . 6 5 4 8 7 1 2 3 9 . . . 7 6 9 5 8 1 3 2 4 . . . 7 4 9 6 5 2 1 3 8 . . . . . . 
. . . . . . 1 9 7 2 3 4 6 8 5 . . . 3 8 1 2 4 9 6 7 5 . . . 5 2 3 1 8 9 7 6 4 . . . . . . 
. . . . . . 3 8 2 5 9 6 1 7 4 . . . 5 4 2 7 6 3 1 8 9 . . . 6 8 1 7 4 3 5 2 9 . . . . . . 
9 4 5 8 7 3 2 1 6 4 5 7 8 9 3 7 5 6 2 1 4 9 7 6 5 3 8 7 4 1 9 6 2 8 7 4 3 1 5 9 4 7 2 8 6 
3 8 7 1 2 6 9 4 5 1 8 3 7 2 6 1 9 4 8 5 3 4 1 2 9 6 7 8 5 2 3 1 4 2 6 5 9 8 7 2 3 6 1 5 4 
1 6 2 5 4 9 8 7 3 6 2 9 4 5 1 8 3 2 9 7 6 3 5 8 4 1 2 9 6 3 8 7 5 3 9 1 2 4 6 1 5 8 7 9 3 
6 7 4 2 9 5 3 8 1 . . . 5 7 2 6 1 9 4 3 8 . . . 2 5 6 1 7 8 4 3 9 . . . 8 6 1 3 2 4 5 7 9 
5 9 3 7 8 1 6 2 4 . . . 3 1 9 4 2 8 7 6 5 . . . 8 7 3 2 9 4 6 5 1 . . . 5 7 9 8 6 1 3 4 2 
8 2 1 3 6 4 5 9 7 . . . 6 4 8 3 7 5 1 2 9 . . . 1 9 4 6 3 5 2 8 7 . . . 4 3 2 5 7 9 8 6 1 
4 1 9 6 5 8 7 3 2 . . . 1 8 5 9 6 7 3 4 2 . . . 6 8 5 4 2 7 1 9 3 . . . 6 5 4 7 1 2 9 3 8 
2 3 6 9 1 7 4 5 8 . . . 2 3 4 5 8 1 6 9 7 . . . 3 4 9 5 1 6 7 2 8 . . . 7 2 8 6 9 3 4 1 5 
7 5 8 4 3 2 1 6 9 . . . 9 6 7 2 4 3 5 8 1 . . . 7 2 1 3 8 9 5 4 6 . . . 1 9 3 4 8 5 6 2 7 

951273846   273168549   462795381   384129567
234689157   695234871   175843629   715683924
876154293   184795362   389126574   926475183
348597612   439852716   617259843   239548716
169842375   826371954   928431765   547316892
725361984   751649283   534687912   168297435
583716429318567913428635791364258417693854271
412935768945312487695127843572196538472961358
697428531762948526137894256918437926851732649
      654871239   769581324   749652138      
      197234685   381249675   523189764      
      382596174   542763189   681743529      
945873216457893756214976538741962874315947286
387126945183726194853412967852314265987236154
162549873629451832976358412963875391246158793
674295381   572619438   256178439   861324579
593781624   319428765   873294651   579861342
821364597   648375129   194635287   432579861
419658732   185967342   685427193   654712938
236917458   234581697   349516728   728693415
758432169   967243581   721389546   193485627

783 total cells
783 filled cells [100%]
0 empty cells

