56......71..29..8..2....63........18.85..74......8..6..3...4.....9..2.....76.....
.....49.8....73....5..8.327.7.3..2..4..7.8.......6.5.....6..........7............
.45.7..68.2...975...........1..8.239...2.5...............4........63........9....
.....2...9...6.42.......1.78..5......7....5.33.24.1.6....3...71.....8........6...
....3............................124.6.3.........2.......9.........4.......8.6...
............7.8.............68..72......2......13..48.............5.6............
...1.6.......5.........8.......1.........7.2.961............................4....
...4........2.....67...5....2.1.94.69.4....8......4..54.1.......83.4...2...6.....
....2........53........9...............6.2...534.9..6...........813...5.94..8.73.
............5..........1.....6.9.......6.3..1..7..4.3.468.1..9....35....9.58.....
.....48.....2..9.....5...4..6..8......86..75.53........71....9..9..23..48......27

5 6 0 0 0 0 0 0 7 . . . 0 0 0 0 0 4 9 0 8 . . . 0 4 5 0 7 0 0 6 8 . . . 0 0 0 0 0 2 0 0 0 
1 0 0 2 9 0 0 8 0 . . . 0 0 0 0 7 3 0 0 0 . . . 0 2 0 0 0 9 7 5 0 . . . 9 0 0 0 6 0 4 2 0 
0 2 0 0 0 0 6 3 0 . . . 0 5 0 0 8 0 3 2 7 . . . 0 0 0 0 0 0 0 0 0 . . . 0 0 0 0 0 0 1 0 7 
0 0 0 0 0 0 0 1 8 . . . 0 7 0 3 0 0 2 0 0 . . . 0 1 0 0 8 0 2 3 9 . . . 8 0 0 5 0 0 0 0 0 
0 8 5 0 0 7 4 0 0 . . . 4 0 0 7 0 8 0 0 0 . . . 0 0 0 2 0 5 0 0 0 . . . 0 7 0 0 0 0 5 0 3 
0 0 0 0 8 0 0 6 0 . . . 0 0 0 0 6 0 5 0 0 . . . 0 0 0 0 0 0 0 0 0 . . . 3 0 2 4 0 1 0 6 0 
0 3 0 0 0 4 0 0 0 0 3 0 0 0 0 6 0 0 0 0 0 0 0 0 0 0 0 4 0 0 0 0 0 1 0 6 0 0 0 3 0 0 0 7 1 
0 0 9 0 0 2 0 0 0 0 0 0 0 0 0 0 0 7 0 0 0 7 0 8 0 0 0 6 3 0 0 0 0 0 5 0 0 0 0 0 0 8 0 0 0 
0 0 7 6 0 0 0 0 0 0 0 0 0 0 0 0 0 0 0 0 0 0 0 0 0 0 0 0 9 0 0 0 0 0 0 8 0 0 0 0 0 6 0 0 0 
. . . . . . 0 0 0 0 0 0 1 2 4 . . . 0 6 8 0 0 7 2 0 0 . . . 0 0 0 0 1 0 0 0 0 . . . . . . 
. . . . . . 0 6 0 3 0 0 0 0 0 . . . 0 0 0 0 2 0 0 0 0 . . . 0 0 0 0 0 7 0 2 0 . . . . . . 
. . . . . . 0 0 0 0 2 0 0 0 0 . . . 0 0 1 3 0 0 4 8 0 . . . 9 6 1 0 0 0 0 0 0 . . . . . . 
0 0 0 4 0 0 0 0 0 9 0 0 0 0 0 0 2 0 0 0 0 0 0 0 0 0 0 0 0 0 0 0 0 0 0 0 0 0 0 0 0 4 8 0 0 
0 0 0 2 0 0 0 0 0 0 4 0 0 0 0 0 5 3 0 0 0 5 0 6 0 0 0 5 0 0 0 0 0 0 0 0 0 0 0 2 0 0 9 0 0 
6 7 0 0 0 5 0 0 0 8 0 6 0 0 0 0 0 9 0 0 0 0 0 0 0 0 0 0 0 1 0 0 0 0 4 0 0 0 0 5 0 0 0 4 0 
0 2 0 1 0 9 4 0 6 . . . 0 0 0 0 0 0 0 0 0 . . . 0 0 6 0 9 0 0 0 0 . . . 0 6 0 0 8 0 0 0 0 
9 0 4 0 0 0 0 8 0 . . . 0 0 0 6 0 2 0 0 0 . . . 0 0 0 6 0 3 0 0 1 . . . 0 0 8 6 0 0 7 5 0 
0 0 0 0 0 4 0 0 5 . . . 5 3 4 0 9 0 0 6 0 . . . 0 0 7 0 0 4 0 3 0 . . . 5 3 0 0 0 0 0 0 0 
4 0 1 0 0 0 0 0 0 . . . 0 0 0 0 0 0 0 0 0 . . . 4 6 8 0 1 0 0 9 0 . . . 0 7 1 0 0 0 0 9 0 
0 8 3 0 4 0 0 0 2 . . . 0 8 1 3 0 0 0 5 0 . . . 0 0 0 3 5 0 0 0 0 . . . 0 9 0 0 2 3 0 0 4 
0 0 0 6 0 0 0 0 0 . . . 9 4 0 0 8 0 7 3 0 . . . 9 0 5 8 0 0 0 0 0 . . . 8 0 0 0 0 0 0 2 7 

56......7   .....49.8   .45.7..68   .....2...
1..29..8.   ....73...   .2...975.   9...6.42.
.2....63.   .5..8.327   .........   ......1.7
.......18   .7.3..2..   .1..8.239   8..5.....
.85..74..   4..7.8...   ...2.5...   .7....5.3
....8..6.   ....6.5..   .........   3.24.1.6.
.3...4....3....6...........4.....1.6...3...71
..9..2...........7...7.8...63.....5......8...
..76........................9......8.....6...
      ......124   .68..72..   ....1....      
      .6.3.....   ....2....   .....7.2.      
      ....2....   ..13..48.   961......      
...4.....9......2........................48..
...2......4.....53...5.6...5...........2..9..
67...5...8.6.....9...........1....4....5...4.
.2.1.94.6   .........   ..6.9....   .6..8....
9.4....8.   ...6.2...   ...6.3..1   ..86..75.
.....4..5   534.9..6.   ..7..4.3.   53.......
4.1......   .........   468.1..9.   .71....9.
.83.4...2   .813...5.   ...35....   .9..23..4
...6.....   94..8.73.   9.58.....   8......27

783 total cells
207 filled cells [26%]
576 empty cells

# --------
# solution
# --------

568341927173296584924578631796425318385167492412983765631854279859732146247619853
763124958892573641154986327976315284425798163318462579581649732239857416647231895
345172968621849753879356412516784239493215687287963541168427395952631874734598126
714952836983167425625834197896573214471629583352481769248395671169748352537216948
279634581146587239853192647935768124462315978781429365628971453517243896394856712
732954168416738952895612734368147295974825316251369487689473521127596843543281679
395176248874253169126498537237614895458937621961582473743861952619725384582349716
159473628348296517672815394725189436934567281816324975461732859583941762297658143
453127689896453127712869543629514378178632495534798261367945812281376954945281736
521968743843527619679431582386195274294673851157284936468712395712359468935846127
952314876384267915716598342167485239428639751539172468271846593695723184843951627

5 6 8 3 4 1 9 2 7 . . . 7 6 3 1 2 4 9 5 8 . . . 3 4 5 1 7 2 9 6 8 . . . 7 1 4 9 5 2 8 3 6 
1 7 3 2 9 6 5 8 4 . . . 8 9 2 5 7 3 6 4 1 . . . 6 2 1 8 4 9 7 5 3 . . . 9 8 3 1 6 7 4 2 5 
9 2 4 5 7 8 6 3 1 . . . 1 5 4 9 8 6 3 2 7 . . . 8 7 9 3 5 6 4 1 2 . . . 6 2 5 8 3 4 1 9 7 
7 9 6 4 2 5 3 1 8 . . . 9 7 6 3 1 5 2 8 4 . . . 5 1 6 7 8 4 2 3 9 . . . 8 9 6 5 7 3 2 1 4 
3 8 5 1 6 7 4 9 2 . . . 4 2 5 7 9 8 1 6 3 . . . 4 9 3 2 1 5 6 8 7 . . . 4 7 1 6 2 9 5 8 3 
4 1 2 9 8 3 7 6 5 . . . 3 1 8 4 6 2 5 7 9 . . . 2 8 7 9 6 3 5 4 1 . . . 3 5 2 4 8 1 7 6 9 
6 3 1 8 5 4 2 7 9 6 3 4 5 8 1 6 4 9 7 3 2 9 5 4 1 6 8 4 2 7 3 9 5 1 7 6 2 4 8 3 9 5 6 7 1 
8 5 9 7 3 2 1 4 6 5 8 7 2 3 9 8 5 7 4 1 6 7 3 8 9 5 2 6 3 1 8 7 4 2 5 3 1 6 9 7 4 8 3 5 2 
2 4 7 6 1 9 8 5 3 1 9 2 6 4 7 2 3 1 8 9 5 6 1 2 7 3 4 5 9 8 1 2 6 4 9 8 5 3 7 2 1 6 9 4 8 
. . . . . . 9 3 5 7 6 8 1 2 4 . . . 3 6 8 1 4 7 2 9 5 . . . 2 3 7 6 1 4 8 9 5 . . . . . . 
. . . . . . 4 6 2 3 1 5 9 7 8 . . . 9 7 4 8 2 5 3 1 6 . . . 4 5 8 9 3 7 6 2 1 . . . . . . 
. . . . . . 7 8 1 4 2 9 3 6 5 . . . 2 5 1 3 6 9 4 8 7 . . . 9 6 1 5 8 2 4 7 3 . . . . . . 
1 5 9 4 7 3 6 2 8 9 7 1 4 5 3 1 2 7 6 8 9 4 7 3 5 2 1 9 6 8 7 4 3 8 6 1 9 5 2 3 1 4 8 7 6 
3 4 8 2 9 6 5 1 7 2 4 3 8 9 6 4 5 3 1 2 7 5 9 6 8 4 3 5 2 7 6 1 9 7 2 5 3 8 4 2 6 7 9 1 5 
6 7 2 8 1 5 3 9 4 8 5 6 7 1 2 8 6 9 5 4 3 2 8 1 6 7 9 4 3 1 5 8 2 3 4 9 7 1 6 5 9 8 3 4 2 
7 2 5 1 8 9 4 3 6 . . . 6 2 9 5 1 4 3 7 8 . . . 3 8 6 1 9 5 2 7 4 . . . 1 6 7 4 8 5 2 3 9 
9 3 4 5 6 7 2 8 1 . . . 1 7 8 6 3 2 4 9 5 . . . 2 9 4 6 7 3 8 5 1 . . . 4 2 8 6 3 9 7 5 1 
8 1 6 3 2 4 9 7 5 . . . 5 3 4 7 9 8 2 6 1 . . . 1 5 7 2 8 4 9 3 6 . . . 5 3 9 1 7 2 4 6 8 
4 6 1 7 3 2 8 5 9 . . . 3 6 7 9 4 5 8 1 2 . . . 4 6 8 7 1 2 3 9 5 . . . 2 7 1 8 4 6 5 9 3 
5 8 3 9 4 1 7 6 2 . . . 2 8 1 3 7 6 9 5 4 . . . 7 1 2 3 5 9 4 6 8 . . . 6 9 5 7 2 3 1 8 4 
2 9 7 6 5 8 1 4 3 . . . 9 4 5 2 8 1 7 3 6 . . . 9 3 5 8 4 6 1 2 7 . . . 8 4 3 9 5 1 6 2 7 

568341927   763124958   345172968   714952836
173296584   892573641   621849753   983167425
924578631   154986327   879356412   625834197
796425318   976315284   516784239   896573214
385167492   425798163   493215687   471629583
412983765   318462579   287963541   352481769
631854279634581649732954168427395176248395671
859732146587239857416738952631874253169748352
247619853192647231895612734598126498537216948
      935768124   368147295   237614895      
      462315978   974825316   458937621      
      781429365   251369487   961582473      
159473628971453127689473521968743861952314876
348296517243896453127596843527619725384267915
672815394856712869543281679431582349716598342
725189436   629514378   386195274   167485239
934567281   178632495   294673851   428639751
816324975   534798261   157284936   539172468
461732859   367945812   468712395   271846593
583941762   281376954   712359468   695723184
297658143   945281736   935846127   843951627

783 total cells
783 filled cells [100%]
0 empty cells

