...6...42.6....3.....1.9..82.6..4..91.73.....8......1462..3.....7.8..............
..4.9.7..6....13.9.938......3..19.82.7...2...5....319.......................57...
7..4...8......95....12....3..7.4.....6....4.....8673.....9.........8.........3...
.....4.75.8......13....18.2.2..53.68.9..8...7..3....1.....4.......2....3.........
....4........3.......5.....8....6...7.9.....6..1.5.........3......2.5............
....2.......8..............34..725.............743..86..............4.......8....
............2.5......4.........5.4..7.....9.5...3....6.....6.......3........9....
.........6....4.......2.....2....1..7...6..8.58.34..9.4.85....12......6.37.6.....
...7.........3.........4.....6428.....3....7.....7.2..2....35....86......1...5..8
...34.......................549....1...4...6.91.28..3......465.1.96....7..6.2.1..
..............8.5.....7..2174......5.....26.99..7..8.24..8.3.....6....8.57...6...

0 0 0 6 0 0 0 4 2 . . . 0 0 4 0 9 0 7 0 0 . . . 7 0 0 4 0 0 0 8 0 . . . 0 0 0 0 0 4 0 7 5 
0 6 0 0 0 0 3 0 0 . . . 6 0 0 0 0 1 3 0 9 . . . 0 0 0 0 0 9 5 0 0 . . . 0 8 0 0 0 0 0 0 1 
0 0 0 1 0 9 0 0 8 . . . 0 9 3 8 0 0 0 0 0 . . . 0 0 1 2 0 0 0 0 3 . . . 3 0 0 0 0 1 8 0 2 
2 0 6 0 0 4 0 0 9 . . . 0 3 0 0 1 9 0 8 2 . . . 0 0 7 0 4 0 0 0 0 . . . 0 2 0 0 5 3 0 6 8 
1 0 7 3 0 0 0 0 0 . . . 0 7 0 0 0 2 0 0 0 . . . 0 6 0 0 0 0 4 0 0 . . . 0 9 0 0 8 0 0 0 7 
8 0 0 0 0 0 0 1 4 . . . 5 0 0 0 0 3 1 9 0 . . . 0 0 0 8 6 7 3 0 0 . . . 0 0 3 0 0 0 0 1 0 
6 2 0 0 3 0 0 0 0 0 4 0 0 0 0 0 0 0 0 0 0 0 2 0 0 0 0 9 0 0 0 0 0 0 0 0 0 0 0 0 4 0 0 0 0 
0 7 0 8 0 0 0 0 0 0 3 0 0 0 0 0 0 0 0 0 0 8 0 0 0 0 0 0 8 0 0 0 0 2 0 5 0 0 0 2 0 0 0 0 3 
0 0 0 0 0 0 0 0 0 5 0 0 0 0 0 0 5 7 0 0 0 0 0 0 0 0 0 0 0 3 0 0 0 4 0 0 0 0 0 0 0 0 0 0 0 
. . . . . . 8 0 0 0 0 6 0 0 0 . . . 3 4 0 0 7 2 5 0 0 . . . 0 0 0 0 5 0 4 0 0 . . . . . . 
. . . . . . 7 0 9 0 0 0 0 0 6 . . . 0 0 0 0 0 0 0 0 0 . . . 7 0 0 0 0 0 9 0 5 . . . . . . 
. . . . . . 0 0 1 0 5 0 0 0 0 . . . 0 0 7 4 3 0 0 8 6 . . . 0 0 0 3 0 0 0 0 6 . . . . . . 
0 0 0 0 0 0 0 0 0 0 0 3 0 0 0 7 0 0 0 0 0 0 0 0 0 0 0 3 4 0 0 0 0 0 0 6 0 0 0 0 0 0 0 0 0 
6 0 0 0 0 4 0 0 0 2 0 5 0 0 0 0 3 0 0 0 0 0 0 4 0 0 0 0 0 0 0 0 0 0 3 0 0 0 0 0 0 8 0 5 0 
0 0 0 0 2 0 0 0 0 0 0 0 0 0 0 0 0 4 0 0 0 0 8 0 0 0 0 0 0 0 0 0 0 0 9 0 0 0 0 0 7 0 0 2 1 
0 2 0 0 0 0 1 0 0 . . . 0 0 6 4 2 8 0 0 0 . . . 0 5 4 9 0 0 0 0 1 . . . 7 4 0 0 0 0 0 0 5 
7 0 0 0 6 0 0 8 0 . . . 0 0 3 0 0 0 0 7 0 . . . 0 0 0 4 0 0 0 6 0 . . . 0 0 0 0 0 2 6 0 9 
5 8 0 3 4 0 0 9 0 . . . 0 0 0 0 7 0 2 0 0 . . . 9 1 0 2 8 0 0 3 0 . . . 9 0 0 7 0 0 8 0 2 
4 0 8 5 0 0 0 0 1 . . . 2 0 0 0 0 3 5 0 0 . . . 0 0 0 0 0 4 6 5 0 . . . 4 0 0 8 0 3 0 0 0 
2 0 0 0 0 0 0 6 0 . . . 0 0 8 6 0 0 0 0 0 . . . 1 0 9 6 0 0 0 0 7 . . . 0 0 6 0 0 0 0 8 0 
3 7 0 6 0 0 0 0 0 . . . 0 1 0 0 0 5 0 0 8 . . . 0 0 6 0 2 0 1 0 0 . . . 5 7 0 0 0 6 0 0 0 

...6...42   ..4.9.7..   7..4...8.   .....4.75
.6....3..   6....13.9   .....95..   .8......1
...1.9..8   .938.....   ..12....3   3....18.2
2.6..4..9   .3..19.82   ..7.4....   .2..53.68
1.73.....   .7...2...   .6....4..   .9..8...7
8......14   5....319.   ...8673..   ..3....1.
62..3.....4...........2....9............4....
.7.8......3..........8......8....2.5...2....3
.........5......57...........3...4...........
      8....6...   34..725..   ....5.4..      
      7.9.....6   .........   7.....9.5      
      ..1.5....   ..743..86   ...3....6      
...........3...7...........34......6.........
6....4...2.5....3......4..........3......8.5.
....2............4....8...........9.....7..21
.2....1..   ..6428...   .549....1   74......5
7...6..8.   ..3....7.   ...4...6.   .....26.9
58.34..9.   ....7.2..   91.28..3.   9..7..8.2
4.85....1   2....35..   .....465.   4..8.3...
2......6.   ..86.....   1.96....7   ..6....8.
37.6.....   .1...5..8   ..6.2.1..   57...6...

783 total cells
214 filled cells [27%]
569 empty cells

# --------
# solution
# --------

581673942964582371732149568256714839147398625893256714628435197379821456415967283
214395768658271349793846215436719582971582436582463197365128974827934651149657823
725436189386719542491258763817345926563192478249867315638971254972584631154623897
916824375284537691375691842427153968691482537853976214168345729749268153532719486
197842365456139827283567149845926713729381456361754298672493581938215674514678932
974125638651843972823796154348672519216958347597431286439217865182564793765389421
254973168631285749897461532168759423743628915529314876912846357486537291375192684
149835672652174938837926514923758146714269385586341297468593721295417863371682459
581762439674539182932184765796428351123956874845371296269843517458617923317295648
865347912793512486421869375654973821238451769917286534372194658189635247546728193
357124968291368457684975321742689135813542679965731842429853716136297584578416293

5 8 1 6 7 3 9 4 2 . . . 2 1 4 3 9 5 7 6 8 . . . 7 2 5 4 3 6 1 8 9 . . . 9 1 6 8 2 4 3 7 5 
9 6 4 5 8 2 3 7 1 . . . 6 5 8 2 7 1 3 4 9 . . . 3 8 6 7 1 9 5 4 2 . . . 2 8 4 5 3 7 6 9 1 
7 3 2 1 4 9 5 6 8 . . . 7 9 3 8 4 6 2 1 5 . . . 4 9 1 2 5 8 7 6 3 . . . 3 7 5 6 9 1 8 4 2 
2 5 6 7 1 4 8 3 9 . . . 4 3 6 7 1 9 5 8 2 . . . 8 1 7 3 4 5 9 2 6 . . . 4 2 7 1 5 3 9 6 8 
1 4 7 3 9 8 6 2 5 . . . 9 7 1 5 8 2 4 3 6 . . . 5 6 3 1 9 2 4 7 8 . . . 6 9 1 4 8 2 5 3 7 
8 9 3 2 5 6 7 1 4 . . . 5 8 2 4 6 3 1 9 7 . . . 2 4 9 8 6 7 3 1 5 . . . 8 5 3 9 7 6 2 1 4 
6 2 8 4 3 5 1 9 7 8 4 2 3 6 5 1 2 8 9 7 4 1 2 5 6 3 8 9 7 1 2 5 4 9 7 3 1 6 8 3 4 5 7 2 9 
3 7 9 8 2 1 4 5 6 1 3 9 8 2 7 9 3 4 6 5 1 8 4 3 9 7 2 5 8 4 6 3 1 2 8 5 7 4 9 2 6 8 1 5 3 
4 1 5 9 6 7 2 8 3 5 6 7 1 4 9 6 5 7 8 2 3 7 9 6 1 5 4 6 2 3 8 9 7 4 6 1 5 3 2 7 1 9 4 8 6 
. . . . . . 8 4 5 9 2 6 7 1 3 . . . 3 4 8 6 7 2 5 1 9 . . . 1 6 8 7 5 9 4 2 3 . . . . . . 
. . . . . . 7 2 9 3 8 1 4 5 6 . . . 2 1 6 9 5 8 3 4 7 . . . 7 4 3 6 2 8 9 1 5 . . . . . . 
. . . . . . 3 6 1 7 5 4 2 9 8 . . . 5 9 7 4 3 1 2 8 6 . . . 5 2 9 3 1 4 8 7 6 . . . . . . 
1 4 9 8 3 5 6 7 2 4 9 3 5 8 1 7 6 2 4 3 9 2 1 7 8 6 5 3 4 7 9 1 2 8 4 6 3 5 7 1 2 4 9 6 8 
6 5 2 1 7 4 9 3 8 2 1 5 6 7 4 5 3 9 1 8 2 5 6 4 7 9 3 5 1 2 4 8 6 5 3 7 2 9 1 3 6 8 4 5 7 
8 3 7 9 2 6 5 1 4 6 7 8 9 3 2 1 8 4 7 6 5 3 8 9 4 2 1 8 6 9 3 7 5 1 9 2 6 8 4 9 7 5 3 2 1 
9 2 3 7 5 8 1 4 6 . . . 7 9 6 4 2 8 3 5 1 . . . 6 5 4 9 7 3 8 2 1 . . . 7 4 2 6 8 9 1 3 5 
7 1 4 2 6 9 3 8 5 . . . 1 2 3 9 5 6 8 7 4 . . . 2 3 8 4 5 1 7 6 9 . . . 8 1 3 5 4 2 6 7 9 
5 8 6 3 4 1 2 9 7 . . . 8 4 5 3 7 1 2 9 6 . . . 9 1 7 2 8 6 5 3 4 . . . 9 6 5 7 3 1 8 4 2 
4 6 8 5 9 3 7 2 1 . . . 2 6 9 8 4 3 5 1 7 . . . 3 7 2 1 9 4 6 5 8 . . . 4 2 9 8 5 3 7 1 6 
2 9 5 4 1 7 8 6 3 . . . 4 5 8 6 1 7 9 2 3 . . . 1 8 9 6 3 5 2 4 7 . . . 1 3 6 2 9 7 5 8 4 
3 7 1 6 8 2 4 5 9 . . . 3 1 7 2 9 5 6 4 8 . . . 5 4 6 7 2 8 1 9 3 . . . 5 7 8 4 1 6 2 9 3 

581673942   214395768   725436189   916824375
964582371   658271349   386719542   284537691
732149568   793846215   491258763   375691842
256714839   436719582   817345926   427153968
147398625   971582436   563192478   691482537
893256714   582463197   249867315   853976214
628435197842365128974125638971254973168345729
379821456139827934651843972584631285749268153
415967283567149657823796154623897461532719486
      845926713   348672519   168759423      
      729381456   216958347   743628915      
      361754298   597431286   529314876      
149835672493581762439217865347912846357124968
652174938215674539182564793512486537291368457
837926514678932184765389421869375192684975321
923758146   796428351   654973821   742689135
714269385   123956874   238451769   813542679
586341297   845371296   917286534   965731842
468593721   269843517   372194658   429853716
295417863   458617923   189635247   136297584
371682459   317295648   546728193   578416293

783 total cells
783 filled cells [100%]
0 empty cells

