780000014300078000000024000057000000014000630000000480000480000400950000200000000
430000069000043000000028000074000000091000280000000640000750000000130000000000000
410000092000019000000035000048000000027000580000000970000790000000840000000000000
590000017000029000000067000034000000067000280000000460000450000000630000000000000
980000034000036000000098000073000000062000390000000620000340000000720000000000000
820000049000043000000072000018000000096000310000000890000780000000560000000000000
130000076000032000000079000081000000054000320000000150000750000000810000000000000
270000084000026000000087000029000000064000930000000150000240000000730000000000000
720000069000074000000098000037000000095000420000000350000840000000760000000000000
820000016000042008000063000087000000059000270000000830000280000000970002000000004
000000000000068000000015000035000000081000670000000230000640000000830000000000000
000000000000052000000038000035000000089000620000000910000260000000480000000000000
000000000000096000000047000075000000086000730000000540000270000000680000000000000
000000000000012000000065000014000000092000860000000140000640000000170000000000000
000000000000093000000052000065000000092000370000000510000530000000420000000000000
000000000000096000000032000071000000092000480000000690000260000000380000000000000
000000000000021000000086000048000000021000980000000140000190000000670000000000000
000000000000069000000025000016000000048000310000000280000690000000540000000000000
000000000000065000000014000027000000035000490000000820000240000000980000000000000
400000000700034000000051000028000000073000540000000820000160000800540000900000000
000000000000039000000012000073000000081000640000000310000120000000950000000000000
000000000000081000000093000024000000069000830000000450000230000000670000000000000
000000000000038000000076000071000000082000740000000120000920000000580000000000000
000000000000047000000021000067000000024000980000000170000280000000650000000000000
000000000000067000000051000016000000098000370000000150000520000000780000000000000
000000000000052000000039000019000000087000320000000690000320000000780000000000000
000000000000067000000043000053000000048000790000000210000310000000780000000000000
000000000000093000000067000012000000063000590000000210000870000000450000000000000
000000004000047009000068000038000000092000750000000940000510000000430002000000005
000000000000095000000072000061000000027000410000000590000510000000230000000000000
000000000000054000000089000064000000023000450000000830000910000000860000000000000
000000000000087000000043000053000000062000350000000960000460000000730000000000000
000000000000067000000041000021000000096000520000000960000620000000150000000000000
000000000000054000000019000026000000059000820000000510000940000000380000000000000
000000000000087000000014000076000000085000360000000720000520000000470000000000000
000000000000078000000095000091000000038000590000000810000530000000810000000000000
000000000000059000000073000032000000096000510000000920000610000000890000000000000
000000000000084000000025000092000000018000290000000560000560000000890000000000000
800000000600074000000018000087000000043000680000000120000140000300290000500000000
000000000000027000000034000012000000089000120000000490000270000000490000000000000
000000000000081000000026000036000000052000860000000370000240000000690000000000000
000000000000035000000019000067000000028000790000000380000970000000160000000000000
000000000000093000000087000024000000017000520000000460000740000000910000000000000
000000000000068000000039000091000000023000980000000140000570000000980000000000000
000000000000042000000087000089000000026000580000000960000790000000630000000000000
000000000000085000000072000042000000081000930000000150000840000000250000000000000
000000000000092000000034000041000000073000510000000830000570000000240000000000000
000000006000092004000034000097000000024000730000000950000460000000750003000000007
000000000000091000000036000049000000082000650000000980000470000000560000000000000
000000000000095000000041000026000000098000460000000530000950000000130000000000000
000000000000086000000021000059000000078000620000000950000130000000750000000000000
000000000000091000000023000024000000086000130000000480000830000000450000000000000
000000000000019000000035000031000000065000170000000620000760000000490000000000000
000000000000032000000086000016000000057000140000000650000820000000760000000000000
000000000000054000000037000073000000086000720000000380000370000000460000000000000
000000000000029000000015000019000000053000980000000760000540000000960000000000000
000000000000021000000087000074000000019000730000000480000610000000340000000000000
500000000200045000000026000023000000068000230000000960000180000800560000700000000
000000000000053000000097000072000000098000520000000870000970000000860000000000000
000000000000091000000046000062000000045000610000000480000350000000460000000000000
000000000000086000000041000013000000054000890000000610000120000000630000000000000
000000000000049000000018000061000000048000350000000260000980000000250000000000000
000000000000043000000095000084000000036000950000000840000320000000780000000000000
000000000000069000000081000043000000065000910000000530000590000000810000000000000
000000000000061000000032000057000000029000760000000590000370000000120000000000000
000000000000029000000047000014000000092000430000000120000130000000590000000000000
000000004000036005000057000082000000045000190000000840000510000000320009000000003
000000000000086000000032000063000000074000510000000460000640000000710000000000000
000000000000096000000015000025000000083000270000000850000980000000250000000000000
000000000000064000000087000016000000059000140000000650000850000000910000000000000
000000000000065000000024000024000000061000390000000820000210000000840000000000000
000000000000048000000015000017000000094000760000000280000480000000150000000000000
000000000000052000000046000024000000053000940000000210000970000000280000000000000
000000000000041000000072000084000000062000940000000520000530000000680000000000000
000000000000021000000069000031000000062000190000000270000190000000740000000000000
000000000000083000000067000035000000041000820000000140000630000000410000000000000
100000000300071000000063000095000000038000270000000980000250000900730000800000000
000000000000024000000095000045000000063000180000000460000230000000780000000000000
000000000000046000000023000037000000029000410000000970000180000000690000000000000
000000000000035000000047000086000000043000960000000870000810000000520000000000000
000000000000028000000031000076000000024000980000000230000790000000350000000000000
000000000000059000000027000041000000079000810000000320000590000000140000000000000
000000000000028000000031000072000000054000120000000780000740000000280000000000000
000000000000068000000059000037000000028000310000000620000430000000980000000000000
000000000000071000000028000086000000095000670000000240000610000000850000000000000
000000001000019003000084000045000000023000510000000490000230000000790004000000005
000000000000079000000015000014000000073000850000000160000850000000130000000000000
000000000000028000000047000073000000014000620000000430000790000000510000000000000
000000000000049000000072000027000000081000290000000160000280000000960000000000000
000000000000051000000074000075000000013000860000000350000530000000210000000000000
000000000000032000000061000037000000021000950000000230000820000000490000000000000
000000000000065000000032000082000000031000420000000650000650000000270000000000000
000000000000093000000056000064000000027000540000000970000410000000230000000000000
000000000000018000000057000093000000087000240000000370000870000000530000000000000
000000000000083000000027000059000000078000560000000790000340000000750000000000000
800000000100032000000074000078000000025000340000000570000260000700350000560000091
000000000000069000000054000063000000059000620000000540000620000000910000710000086
000000000000074000000068000027000000034000180000000730000810000000450000650000041
000000000000069000000043000075000000021000960000000470000580000000390000580000029
000000000000082000000091000039000000064000750000000690000720000000810000610000082
000000000000047000000032000063000000085000160000000540000470000000920000730000098
000000000000021000000037000043000000056000410000000630000140000000670000670000094
000000000000035000000097000075000000036000510000000930000570000000840000590000083
000000000000074000000012000036000000079000350000000290000450000000730000640000039
000000004000035008000064000026000000097000410000000560000920000000780006230000091

referenced here:
http://forum.enjoysudoku.com/gattai-105-t30119.html
the link provided is dead:
http://puzzle.gr.jp/show/English/NPProblems/Image/HugeGattai
found the puzzle here:
http://www.rcbroughton.co.uk/sudoku/forum/viewtopic.php?f=4&t=834

