980000023100040005000108000002000900030000050008000700000206000700050000240000000
180000093300000004000134000008000700060000500401000900000407000000080000000500000
850000043200000005000745000001000200040000030308000109000604000000090000000108000
750000043600000002000451000004000200008000090007000305000207000000080000000006000
270000086600000005000265000001000700006000050002000609000503000000090000000002000
150000024900000007000425000001000800060000200504000900000904000000010000000300000
620000045500000008000584000001000500090000700405000300000601000000070000000200000
260000045900000001000823000004000200010000090305000604000501000000030000000208000
390000027800000009000953000003000200006000070009000405000208000000010000000007000
790000046600020007000603000006000700080000010003000500000709000000050004000000075
000005000000080000000106000005000402060000070402000300000308000000070000000900000
000006000000030000000201000008000307090000040106000500000907000000040000000300000
000700000000090000000103000802000600010000040007000103000604000000030000000007000
000500000000010000000206000701000400050000030003000709000307000000060000000002000
000304000000090000000205000605000302070000090003000100000936000000000000000000000
000007000000050000000806000005000603060000070209000500000108000000060000000500000
000003000000040000000809000005000207040000030708000500000204000000070000000600000
000800000000050000000703000905000700070000090008000506000605000000010000000009000
000900000000010000000502000405000200010000050007000409000809000000030000000004000
280003000700010000000809000007000803005000070006000400000152000100000000530000000
000006000000010000000702000006000701070000030208000400000207000000040000000300000
000000000000000000000429000003000500020000070107000806000605000000090000000301000
000600000000020000000309000308000900010000030002000501000803000000040000000007000
000500000000010000000807000706000800030000070002000604000204000000090000000001000
000002000000010000000806000009000302020000070308000400000401000000070000000500000
000009000000020000000405000002000708080000090104000600000708000000010000000200000
000000000000000000000392000004000600070000080209000705000201000000050000000708000
000200000000070000000106000207000100010000020004000306000502000000010000000004000
000800039000020005000905000901000700070000400005000600000386000000000007000000028
000009000000040000000605000005000904060000080204000500000402000000070000000100000
000005000000090000000302000003000208010000050902000100000709000000020000000500000
000200000000090000000501000509000700040000010001000604000804000000070000000002000
000300000000080000000702000901000200070000010006000403000908000000070000000006000
000402000000010000000509000601000503030000040004000600000245000000000000000000000
000005000000040000000607000009000102030000080407000600000801000000020000000700000
000005000000090000000304000002000908090000020508000600000207000000080000000400000
000300000000090000000507000305000200080000070004000105000908000000030000000002000
000100000000050000000802000504000900070000010006000504000708000000010000000003000
890001000300060000000409000003000507006000090009000300000785000700000000530000000
000008000000060000000703000001000204090000070407000900000206000000030000000800000
000000000000000000000652000003000500090000060206000908000106000000040000000503000
000400000000050000000201000203000900070000080009000603000809000000070000000006000
000100000000020000000506000907000200050000010004000708000602000000040000000003000
000002000000080000000103000002000703040000020603000400000705000000010000000200000
000001000000090000000504000004000506050000030806000400000807000000060000000100000
000000000000000000000497000002000300060000010503000604000608000000030000000702000
000700000000040000000106000201000700040000030003000402000204000000080000000009000
000800094000050007000306000209000800010000500003000400000734000000000005000000036
000009000000030000000604000002000605003000090007000408000502000000060000000008000
000001000000080000000503000006000501003000090004000603000407000000030000000005000
000600000000070000000109000102000500080000300706000200000708000000050000000300000
000700000000090000000104000903000100070000900204000500000901000000070000000200000
000406000000020000000501000902000108030000070804000305000608000000010000000307000
000001000000080000000902000005000809006000020004000706000204000000070000000006000
000002000000050000000104000003000507002000040009000203000903000000060000000007000
000700000000050000000602000408000200030000400901000600000203000000060000000100000
000400000000050000000301000702000600050000300308000700000807000000060000000500000
520000000100000000000427000002000800003000090001000607000704000300090000910005000
000400000000020000000107000902000600030000050008000302000902000000010000000003000
000205000000080000000401000407000609060000030003000700000738000000000000000000000
000006000000070000000402000006000204050000060209000500000905000000080000000200000
000007000000040000000308000002000601060000090509000800000805000000030000000900000
000400000000060000000203000806000900020000050005000306000302000000090000000005000
000600000000020000000107000609000100020000080007000309000408000000090000000005000
000302000000080000000509000205000607030000080008000900000937000000000000000000000
000004000000070000000809000005000108070000020804000600000107000000090000000500000
000000028000000009000453000002000800080000100904000700000509000000060001000300054
000500000000060000000301000307000900090000080004000501000403000000050000000009000
000200000000040000000305000209000700030000060008000201000402000000050000000003000
000001000000060000000205000005000109030000070809000300000706000000040000000500000
000005000000030000000908000001000608070000090908000100000701000000080000000400000
000000000000000000000196000005000400010000080708000302000209000000040000000701000
000400000000060000000503000408000200060000080003000607000209000000050000000004000
000300000000040000000105000801000300020000070007000208000407000000050000000003000
000008000000090000000503000009000702060000080807000100000705000000040000000900000
000003000000040000000507000005000604030000010601000500000708000000020000000300000
710000000300000000000751000007000200006000050001000803000205000500090000160003000
000600000000020000000109000405000900060000020002000508000702000000090000000005000
000208000000050000000304000801000502070000060005000800000721000000000000000000000
000003000000080000000109000006000203030000070802000400000605000000070000000300000
000006000000090000000503000005000704040000030208000900000309000000080000000700000
000100000000080000000306000201000400070000060004000105000604000000090000000001000
000200000000070000000401000307000600010000020002000507000803000000010000000006000
000507000000020000000106000503000807070000020009000100000859000000000000000000000
000007000000020000000309000009000806080000070607000200000703000000040000000600000
000000067000000002000257000007000200040000300803000600000702000000030001000900053
000200000000090000000103000209000700070000020003000908000708000000030000000006000
000700000000040000000103000908000400010000090004000106000504000000090000000007000
000001000000020000000703000007000803030000070802000100000805000000040000000600000
000007000000030000000206000002000109060000070307000200000502000000040000000300000
000000000000000000000584000005000200010000060209000704000807000000060000000305000
000300000000020000000908000409000300080000040006000109000204000000010000000009000
000500000000070000000109000704000500060000040008000103000406000000010000000007000
000008000000010000000206000005000302040000070807000600000503000000060000000100000
000007000000080000000605000005000703070000090803000200000906000000040000000100000
980000000200050000000306000004000800070000050009000600000902000800060003530000064
000200000000090000000605000508000600010000300007000900000823000200000003390000086
000508000000030000000201000309000704010000050007000200000689000200000005130000097
000003000000010000000608000004000608003000090005000700000496000700000004140000085
000008000000020000000307000008000406003000010002000500000785000800000005210000079
000200000000060000000804000107000300060000400002000500000756000700000003850000027
000400000000060000000308000806000200070000300002000700000192000200000001650000072
000609000000040000000502000109000308070000010004000200000426000700000001340000069
000003000000070000000106000004000902005000010008000500000241000100000005670000031
000000052000050004000103000003000200060000080004000900000509000200010008670000031

referenced here:
http://forum.enjoysudoku.com/gattai-105-t30119.html
the link provided is dead:
http://puzzle.gr.jp/show/English/NPProblems/Image/HugeGattai
found the puzzle here:
http://www.rcbroughton.co.uk/sudoku/forum/viewtopic.php?f=4&t=834

