000029500000005000000400006006000032100000004750000100300004000000700000004980000
000093500000001000000500006009000034800000002650000900000009000000200000000630000
000067500000003000000500002004000029900000008870000600000002000000700000000890000
000021900000003000000700001008000073400000005350000800000002000000800000000930000
000073100000002000000400008001000097600000001850000400000004000000300000000920000
000029800000003000000700001002000064600000008510000200000001000000500000000340000
000023100000005000000700006005000028900000004640000700000006000000200000000340000
000023600000008000000600002004000027200000005910000300000004000000900000000760000
000032400000006000000400006002000079500000004680000200000007000000600000000810000
000057900000008000000100004004000078100000005680000300000009000000300000000480000
000025000000003000000000000000500069100030008780006000000000000000600000000270000
000067000000001000000000000000600035600010004730004000000000000000100000000830000
000062000000003000000000000000200037900040001670005000000000000000700000000130000
000041000000006000000000000000600097100020006870005000000000000000100000000750000
000091000000004000000000000000100062100050004560007000000000000000900000000870000
000076000000002000000000000000300094200050001360009000000000000000200000000940000
000073000000005000000000000000300047300040009960002000000000000000200000000590000
000085000000007000000000000000200087800060005390008000000000000000300000000750000
000029000000003000000000000000900038300040001890005000000000000000800000000730000
000092000000006000000300000002000071500000006830000400300005000000400000004170000
000067000000003000000000000000800067300000009460009000000000000000200000000740000
000054000000006000000000000000500098100020004950008000000000000000700000000860000
000096000000005000000000000000400087400070005970001000000000000000600000000510000
000093000000004000000000000000400072700060003130008000000000000000800000000350000
000048000000006000000000000000400051700020004510009000000000000000600000000810000
000081000000004000000000000000100043300040005560002000000000000000700000000450000
000038000000002000000000000000900017100060004560004000000000000000400000000750000
000096000000002000000000000000500046200000003950003000000000000000900000000670000
000069200000001000000200003006000047500000002420000300000002000000700000000530000
000061000000002000000000000000600028900010004380009000000000000000100000000730000
000029000000003000000000000000200076100000004420005000000000000000900000000460000
000095000000003000000000000000900015100000002250008000000000000000500000000730000
000074000000002000000000000000100074200000009790006000000000000000400000000680000
000097000000004000000000000000000014200040006470000000000000000000700000000410000
000014000000006000000000000000600012700000006930005000000000000000400000000850000
000078000000003000000000000000900048100000007540006000000000000000800000000530000
000012000000004000000000000000600091900000006610009000000000000000500000000720000
000028000000001000000000000000400012100070003920006000000000000000600000000840000
000079000000001000000500000004000028600000001190000300300006000000900000008750000
000015000000006000000000000000500032600080001310002000000000000000200000000170000
000021000000005000000000000000200074300000008290007000000000000000400000000170000
000059000000002000000000000000400092900000006650003000000000000000500000000170000
000024000000007000000000000000000037200080004980000000000000000000400000000310000
000076000000004000000000000000600024400000006560003000000000000000700000000520000
000028000000004000000000000000600012300000006870001000000000000000400000000760000
000095000000006000000000000000700013400000002860002000000000000000100000000580000
000069000000003000000000000000600024700040006460002000000000000000500000000980000
000052100000001000000400008004000073200000004590000600000009000000700000000540000
000091000000005000000000000000500012400060005350009000000000000000800000000140000
000035000000004000000000000000500062600000003530008000000000000000100000000950000
000058000000009000000000000000300074100000008870002000000000000000500000000210000
000027000000008000000000000000000067600010008480000000000000000000100000000750000
000032000000001000000000000000000089100060002720000000000000000000800000000540000
000054000000007000000000000000000069400020003560000000000000000000900000000410000
000087000000002000000000000000100026800000004640003000000000000000400000000270000
000097000000002000000000000000200089900000001130008000000000000000800000000520000
000017000000008000000000000000400039200050004740001000000000000000700000000120000
000024000000007000000100000003000086200000009840000100100002000000600000005890000
000035000000006000000000000000400032700050008240008000000000000000100000000520000
000092000000004000000000000000900062600000001140006000000000000000200000000180000
000049000000006000000000000000100094300000007410005000000000000000600000000280000
000016000000002000000000000000400029800000004570009000000000000000200000000670000
000078000000001000000000000000000045700010003380000000000000000000300000000460000
000048000000005000000000000000400093400000002810002000000000000000600000000820000
000013000000005000000000000000200087100000004870004000000000000000300000000150000
000035000000007000000000000000500047800070002250001000000000000000400000000750000
000036200000007000000900007005000083300000002160000500000003000000400000000560000
000087000000006000000000000000800043800090005630005000000000000000400000000630000
000016000000004000000000000000500036300000009560001000000000000000600000000150000
000065000000003000000000000000600023700000006630004000000000000000900000000470000
000035000000002000000000000000900063300000001270003000000000000000500000000340000
000013000000004000000000000000000027600070001920000000000000000000500000000690000
000081000000006000000000000000600053200000006150009000000000000000200000000740000
000093000000007000000000000000900053400000006860004000000000000000300000000520000
000091000000006000000000000000700054400000007780004000000000000000400000000920000
000013000000009000000000000000900075900060003680004000000000000000300000000840000
000069000000007000000500000002000014800000007940000300600005000000200000008370000
000035000000004000000000000000900062400000009890001000000000000000300000000520000
000074000000008000000000000000300056700090004160002000000000000000100000000430000
000085000000007000000000000000600035600030008820004000000000000000800000000520000
000026000000005000000000000000900085400030007920007000000000000000500000000410000
000081000000003000000000000000100086300050004160009000000000000000600000000710000
000071000000004000000000000000600027600080003240009000000000000000200000000160000
000065000000008000000000000000100075700080006910006000000000000000500000000830000
000078000000003000000000000000400065400000003680005000000000000000800000000260000
000023700000005000000700004004000019800000006930000200000008000000100000000530000
000064000000009000000000000000700094500040003720003000000000000000300000000450000
000094000000001000000000000000600059700020004310009000000000000000700000000350000
000068000000001000000000000000100053700030001310004000000000000000800000000790000
000075000000008000000000000000400096700060001690001000000000000000200000000540000
000074000000003000000000000000200018800030002920006000000000000000100000000340000
000069000000008000000000000000700063700020001310005000000000000000900000000840000
000089000000001000000000000000600042100040003530002000000000000000200000000390000
000045000000009000000000000000800026200030008160004000000000000000500000000470000
000027000000005000000000000000700096200060004830004000000000000000500000000240000
000091000000003000000500000009000072800000006530000100200007000000600000004250000
000068000000001000000200000003000029900000003120000700200007000000300000004650000
000073000000009000000600000002000078900000006450000900300008000000200000004560000
000035000000007000000600000001000023200000009850000600400009000000800000006520000
000082000000005000000300000007000023600000004240000900500001000000400000001290000
000021000000007000000400000004000082500000006680000300900006000000200000003950000
000016000000008000000400000009000081800000002560000400700001000000600000002380000
000048000000003000000500000001000058600000001970000200200005000000400000003260000
000017000000005000000200000004000098800000001310000200200004000000500000005970000
000026800000007000000300009001000032400000006730000500600008000000400000004170000

referenced here:
http://forum.enjoysudoku.com/gattai-105-t30119.html
the link provided is dead:
http://puzzle.gr.jp/show/English/NPProblems/Image/HugeGattai
found the puzzle here:
http://www.rcbroughton.co.uk/sudoku/forum/viewtopic.php?f=4&t=834

