..7...24.....1....5.......1.5......2.......7......6...9...3.1....3..8...7.5......
.....26......7...3..6.....7.3.1.......8....1..........97......6.....6...4.3...9..
...9...3...6..3..82..7.5...8..3..97...9...........84.36.3.7..5..7.........8..67..

. . . 0 0 7 0 0 0 2 4 0 . . . 
. . . 0 0 0 0 1 0 0 0 0 . . . 
. . . 5 0 0 0 0 0 0 0 1 . . . 
. . . 0 5 0 0 0 0 0 0 2 6 0 0 
. . . 0 0 0 0 0 0 0 7 0 0 0 3 
. . . 0 0 0 0 0 6 0 0 0 0 0 7 
0 0 0 9 0 0 0 3 0 1 0 0 0 0 0 
0 0 6 0 0 3 0 0 8 0 0 0 0 1 0 
2 0 0 7 0 5 0 0 0 0 0 0 0 0 0 
8 0 0 3 0 0 9 7 0 0 0 0 0 0 6 
0 0 9 0 0 0 0 0 0 0 0 6 0 0 0 
0 0 0 0 0 8 4 0 3 0 0 0 9 0 0 
6 0 3 0 7 0 0 5 0 . . . . . . 
0 7 0 0 0 0 0 0 0 . . . . . . 
0 0 8 0 0 6 7 0 0 . . . . . . 

   ..7...24.   
   ....1....   
   5.......1   
   .5......26..
   .......7...3
   .....6.....7
...9...3.1.....
..6..3..8....1.
2..7.5.........
8..3..97......6
..9........6...
.....84.3...9..
6.3.7..5.      
.7.......      
..8..67..      

180 total cells
42 filled cells [23%]
138 empty cells

# --------
# solution
# --------

817965243249813756536472891651789432392154678478326519964237185123548967785691324
789432651154678293326519847237185469548967312691324785975843126812796534463251978
581964237796123548234785691862341975349657812157298463623879154975412386418536729

. . . 8 1 7 9 6 5 2 4 3 . . . 
. . . 2 4 9 8 1 3 7 5 6 . . . 
. . . 5 3 6 4 7 2 8 9 1 . . . 
. . . 6 5 1 7 8 9 4 3 2 6 5 1 
. . . 3 9 2 1 5 4 6 7 8 2 9 3 
. . . 4 7 8 3 2 6 5 1 9 8 4 7 
5 8 1 9 6 4 2 3 7 1 8 5 4 6 9 
7 9 6 1 2 3 5 4 8 9 6 7 3 1 2 
2 3 4 7 8 5 6 9 1 3 2 4 7 8 5 
8 6 2 3 4 1 9 7 5 8 4 3 1 2 6 
3 4 9 6 5 7 8 1 2 7 9 6 5 3 4 
1 5 7 2 9 8 4 6 3 2 5 1 9 7 8 
6 2 3 8 7 9 1 5 4 . . . . . . 
9 7 5 4 1 2 3 8 6 . . . . . . 
4 1 8 5 3 6 7 2 9 . . . . . . 

   817965243   
   249813756   
   536472891   
   651789432651
   392154678293
   478326519847
581964237185469
796123548967312
234785691324785
862341975843126
349657812796534
157298463251978
623879154      
975412386      
418536729      

180 total cells
180 filled cells [100%]
0 empty cells

