..52....446......5...7......3..8.5.7...3...1.........3............17...97...2..4.
.8.5.7.363...1.........3............17...9....2..4.6.7........9.....8.7.7......6.
..7.......9....17....7...2.7.................164...7..2..6....991.4...8..839.2...

. . . 0 0 5 2 0 0 0 0 4 . . . 
. . . 4 6 0 0 0 0 0 0 5 . . . 
. . . 0 0 0 7 0 0 0 0 0 . . . 
. . . 0 3 0 0 8 0 5 0 7 0 3 6 
. . . 0 0 0 3 0 0 0 1 0 0 0 0 
. . . 0 0 0 0 0 0 0 0 3 0 0 0 
0 0 7 0 0 0 0 0 0 0 0 0 0 0 0 
0 9 0 0 0 0 1 7 0 0 0 9 0 0 0 
0 0 0 7 0 0 0 2 0 0 4 0 6 0 7 
7 0 0 0 0 0 0 0 0 0 0 0 0 0 9 
0 0 0 0 0 0 0 0 0 0 0 8 0 7 0 
1 6 4 0 0 0 7 0 0 0 0 0 0 6 0 
2 0 0 6 0 0 0 0 9 . . . . . . 
9 1 0 4 0 0 0 8 0 . . . . . . 
0 8 3 9 0 2 0 0 0 . . . . . . 

   ..52....4   
   46......5   
   ...7.....   
   .3..8.5.7.36
   ...3...1....
   ........3...
..7............
.9....17...9...
...7...2..4.6.7
7.............9
...........8.7.
164...7......6.
2..6....9      
91.4...8.      
.839.2...      

180 total cells
46 filled cells [25%]
134 empty cells

# --------
# solution
# --------

385261974467938125219745368631482597948357612572619483123894756854176239796523841
482597136357612984619483725894756213176239458523841697268175349941368572735924861
657123894392854176841796523739541268528367941164289735275638419916475382483912657

. . . 3 8 5 2 6 1 9 7 4 . . . 
. . . 4 6 7 9 3 8 1 2 5 . . . 
. . . 2 1 9 7 4 5 3 6 8 . . . 
. . . 6 3 1 4 8 2 5 9 7 1 3 6 
. . . 9 4 8 3 5 7 6 1 2 9 8 4 
. . . 5 7 2 6 1 9 4 8 3 7 2 5 
6 5 7 1 2 3 8 9 4 7 5 6 2 1 3 
3 9 2 8 5 4 1 7 6 2 3 9 4 5 8 
8 4 1 7 9 6 5 2 3 8 4 1 6 9 7 
7 3 9 5 4 1 2 6 8 1 7 5 3 4 9 
5 2 8 3 6 7 9 4 1 3 6 8 5 7 2 
1 6 4 2 8 9 7 3 5 9 2 4 8 6 1 
2 7 5 6 3 8 4 1 9 . . . . . . 
9 1 6 4 7 5 3 8 2 . . . . . . 
4 8 3 9 1 2 6 5 7 . . . . . . 

   385261974   
   467938125   
   219745368   
   631482597136
   948357612984
   572619483725
657123894756213
392854176239458
841796523841697
739541268175349
528367941368572
164289735924861
275638419      
916475382      
483912657      

180 total cells
180 filled cells [100%]
0 empty cells

