7....3.2.13....6...9.1...87....6..5.........4.....1.....7.1.5.......8..3.........
.6..5.2.......41.5..1....6..1.5....3..8..3.........4....5............37........92
.....7.1...1.....8.........13......5.........87.......7......6....6.4...6.91.8...

. . . 7 0 0 0 0 3 0 2 0 . . . 
. . . 1 3 0 0 0 0 6 0 0 . . . 
. . . 0 9 0 1 0 0 0 8 7 . . . 
. . . 0 0 0 0 6 0 0 5 0 2 0 0 
. . . 0 0 0 0 0 0 0 0 4 1 0 5 
. . . 0 0 0 0 0 1 0 0 0 0 6 0 
0 0 0 0 0 7 0 1 0 5 0 0 0 0 3 
0 0 1 0 0 0 0 0 8 0 0 3 0 0 0 
0 0 0 0 0 0 0 0 0 0 0 0 4 0 0 
1 3 0 0 0 0 0 0 5 0 0 0 0 0 0 
0 0 0 0 0 0 0 0 0 0 0 0 3 7 0 
8 7 0 0 0 0 0 0 0 0 0 0 0 9 2 
7 0 0 0 0 0 0 6 0 . . . . . . 
0 0 0 6 0 4 0 0 0 . . . . . . 
6 0 9 1 0 8 0 0 0 . . . . . . 

   7....3.2.   
   13....6..   
   .9.1...87   
   ....6..5.2..
   ........41.5
   .....1....6.
.....7.1.5....3
..1.....8..3...
............4..
13......5......
............37.
87...........92
7......6.      
...6.4...      
6.91.8...      

180 total cells
43 filled cells [23%]
137 empty cells

# --------
# solution
# --------

754683921138792645296145387872364159513927864649851732327416598965278413481539276
364159287927864135851732964416598723278413659539276418795321846682945371143687592
958327416341965278267481539132846795495713682876259143784532961513694827629178354

. . . 7 5 4 6 8 3 9 2 1 . . . 
. . . 1 3 8 7 9 2 6 4 5 . . . 
. . . 2 9 6 1 4 5 3 8 7 . . . 
. . . 8 7 2 3 6 4 1 5 9 2 8 7 
. . . 5 1 3 9 2 7 8 6 4 1 3 5 
. . . 6 4 9 8 5 1 7 3 2 9 6 4 
9 5 8 3 2 7 4 1 6 5 9 8 7 2 3 
3 4 1 9 6 5 2 7 8 4 1 3 6 5 9 
2 6 7 4 8 1 5 3 9 2 7 6 4 1 8 
1 3 2 8 4 6 7 9 5 3 2 1 8 4 6 
4 9 5 7 1 3 6 8 2 9 4 5 3 7 1 
8 7 6 2 5 9 1 4 3 6 8 7 5 9 2 
7 8 4 5 3 2 9 6 1 . . . . . . 
5 1 3 6 9 4 8 2 7 . . . . . . 
6 2 9 1 7 8 3 5 4 . . . . . . 

   754683921   
   138792645   
   296145387   
   872364159287
   513927864135
   649851732964
958327416598723
341965278413659
267481539276418
132846795321846
495713682945371
876259143687592
784532961      
513694827      
629178354      

180 total cells
180 filled cells [100%]
0 empty cells

