2.5..47........4.1.3...8..64...26...9.71....8.8...........4.........5........2...
.........56....2.98.93....5.8.........3...5862....1.7......7.......6.......13....
8..7......61..2.......9....185....7...216...5..6..7.4.....4.........3......5.....
5.34..................7.....5...3....29.8.3.6348..9.......4.....1.......4..5.....
...82......................4.591..6....27.5..671.4.......7........5.4............
.....4.....................5..9..1....47.18...6.5..................59......1.....
...7.4......8...2............5...9.2..46..7..39...5.4.....9..38...1.8.......4....
...3..........7............6...3.4..2....8.7.....79.8....7.5.......9.......8.....
......................23....7...5.....17.25.....1...8....21......................
.....7.......6.......3.2....7.92.....4.1....9..6.3...2............2..........1...
....5.......2.6...78..1.....9.5...72..6..91..1.5...4............5...2......3.4...
.....9......72..................7.3...38.41....8..5..7.....................5.....
............8.5........1.......8.793..5.39....9..241.6......................57...
.....1..3.......4.....7.......9..2352.3.1.49....2...1.....9..................81.4
.....8......3.........4.....8.9..5..5...278...4....912....5.......7..49......4..5
....17.......4.......3......1.5....8938...6.........9.8....27.52.5....64.........
...9........7.........8...........8.5....19.6...82...17..1...5.4.3........64..1.7

. . . . . . 2 0 5 0 0 4 7 0 0 . . . 0 0 0 0 0 0 0 0 0 . . . 8 0 0 7 0 0 0 0 0 . . . . . . 
. . . . . . 0 0 0 0 0 0 4 0 1 . . . 5 6 0 0 0 0 2 0 9 . . . 0 6 1 0 0 2 0 0 0 . . . . . . 
. . . . . . 0 3 0 0 0 8 0 0 6 . . . 8 0 9 3 0 0 0 0 5 . . . 0 0 0 0 9 0 0 0 0 . . . . . . 
. . . . . . 4 0 0 0 2 6 0 0 0 . . . 0 8 0 0 0 0 0 0 0 . . . 1 8 5 0 0 0 0 7 0 . . . . . . 
. . . . . . 9 0 7 1 0 0 0 0 8 . . . 0 0 3 0 0 0 5 8 6 . . . 0 0 2 1 6 0 0 0 5 . . . . . . 
. . . . . . 0 8 0 0 0 0 0 0 0 . . . 2 0 0 0 0 1 0 7 0 . . . 0 0 6 0 0 7 0 4 0 . . . . . . 
5 0 3 4 0 0 0 0 0 0 4 0 0 0 0 8 2 0 0 0 0 0 0 7 0 0 0 0 0 4 0 0 0 0 4 0 0 0 0 7 0 4 0 0 0 
0 0 0 0 0 0 0 0 0 0 0 5 0 0 0 0 0 0 0 0 0 0 6 0 0 0 0 0 0 0 0 0 0 0 0 3 0 0 0 8 0 0 0 2 0 
0 0 0 0 7 0 0 0 0 0 0 2 0 0 0 0 0 0 0 0 0 1 3 0 0 0 0 0 0 0 0 0 0 5 0 0 0 0 0 0 0 0 0 0 0 
0 5 0 0 0 3 0 0 0 . . . 4 0 5 9 1 0 0 6 0 . . . 5 0 0 9 0 0 1 0 0 . . . 0 0 5 0 0 0 9 0 2 
0 2 9 0 8 0 3 0 6 . . . 0 0 0 2 7 0 5 0 0 . . . 0 0 4 7 0 1 8 0 0 . . . 0 0 4 6 0 0 7 0 0 
3 4 8 0 0 9 0 0 0 . . . 6 7 1 0 4 0 0 0 0 . . . 0 6 0 5 0 0 0 0 0 . . . 3 9 0 0 0 5 0 4 0 
0 0 0 0 4 0 0 0 0 3 0 0 0 0 0 7 0 0 0 0 0 0 0 0 0 0 0 0 0 0 0 0 0 0 0 7 0 0 0 0 9 0 0 3 8 
0 1 0 0 0 0 0 0 0 0 0 7 0 0 0 5 0 4 0 0 0 0 0 0 0 0 0 0 5 9 0 0 0 0 6 0 0 0 0 1 0 8 0 0 0 
4 0 0 5 0 0 0 0 0 0 0 0 0 0 0 0 0 0 0 0 0 0 2 3 0 0 0 1 0 0 0 0 0 3 0 2 0 0 0 0 4 0 0 0 0 
. . . . . . 6 0 0 0 3 0 4 0 0 . . . 0 7 0 0 0 5 0 0 0 . . . 0 7 0 9 2 0 0 0 0 . . . . . . 
. . . . . . 2 0 0 0 0 8 0 7 0 . . . 0 0 1 7 0 2 5 0 0 . . . 0 4 0 1 0 0 0 0 9 . . . . . . 
. . . . . . 0 0 0 0 7 9 0 8 0 . . . 0 0 0 1 0 0 0 8 0 . . . 0 0 6 0 3 0 0 0 2 . . . . . . 
0 0 0 0 5 0 0 0 0 7 0 5 0 0 0 0 0 9 0 0 0 2 1 0 0 0 0 0 0 0 0 0 0 0 0 0 0 0 0 0 0 1 0 0 3 
0 0 0 2 0 6 0 0 0 0 9 0 0 0 0 7 2 0 0 0 0 0 0 0 0 0 0 8 0 5 0 0 0 2 0 0 0 0 0 0 0 0 0 4 0 
7 8 0 0 1 0 0 0 0 8 0 0 0 0 0 0 0 0 0 0 0 0 0 0 0 0 0 0 0 1 0 0 0 0 0 1 0 0 0 0 7 0 0 0 0 
0 9 0 5 0 0 0 7 2 . . . 0 0 0 0 0 7 0 3 0 . . . 0 0 0 0 8 0 7 9 3 . . . 0 0 0 9 0 0 2 3 5 
0 0 6 0 0 9 1 0 0 . . . 0 0 3 8 0 4 1 0 0 . . . 0 0 5 0 3 9 0 0 0 . . . 2 0 3 0 1 0 4 9 0 
1 0 5 0 0 0 4 0 0 . . . 0 0 8 0 0 5 0 0 7 . . . 0 9 0 0 2 4 1 0 6 . . . 0 0 0 2 0 0 0 1 0 
0 0 0 0 0 0 0 0 0 0 0 8 0 0 0 0 0 0 0 0 0 0 1 7 0 0 0 0 0 0 0 0 0 9 0 0 0 0 0 0 9 0 0 0 0 
0 5 0 0 0 2 0 0 0 3 0 0 0 0 0 0 0 0 0 0 0 0 4 0 0 0 0 0 0 0 0 0 0 7 0 0 0 0 0 0 0 0 0 0 0 
0 0 0 3 0 4 0 0 0 0 4 0 0 0 0 5 0 0 0 0 0 3 0 0 0 0 0 0 5 7 0 0 0 0 8 0 0 0 0 0 0 8 1 0 4 
. . . . . . 0 8 0 9 0 0 5 0 0 . . . 0 1 0 5 0 0 0 0 8 . . . 0 0 0 0 0 0 0 8 0 . . . . . . 
. . . . . . 5 0 0 0 2 7 8 0 0 . . . 9 3 8 0 0 0 6 0 0 . . . 5 0 0 0 0 1 9 0 6 . . . . . . 
. . . . . . 0 4 0 0 0 0 9 1 2 . . . 0 0 0 0 0 0 0 9 0 . . . 0 0 0 8 2 0 0 0 1 . . . . . . 
. . . . . . 0 0 0 0 5 0 0 0 0 . . . 8 0 0 0 0 2 7 0 5 . . . 7 0 0 1 0 0 0 5 0 . . . . . . 
. . . . . . 0 0 0 7 0 0 4 9 0 . . . 2 0 5 0 0 0 0 6 4 . . . 4 0 3 0 0 0 0 0 0 . . . . . . 
. . . . . . 0 0 0 0 0 4 0 0 5 . . . 0 0 0 0 0 0 0 0 0 . . . 0 0 6 4 0 0 1 0 7 . . . . . . 

      2.5..47..   .........   8..7.....      
      ......4.1   56....2.9   .61..2...      
      .3...8..6   8.93....5   ....9....      
      4...26...   .8.......   185....7.      
      9.71....8   ..3...586   ..216...5      
      .8.......   2....1.7.   ..6..7.4.      
5.34......4....82......7.....4....4....7.4...
...........5..........6............3...8...2.
....7......2.........13..........5...........
.5...3...   4.591..6.   5..9..1..   ..5...9.2
.29.8.3.6   ...27.5..   ..47.18..   ..46..7..
348..9...   671.4....   .6.5.....   39...5.4.
....4....3.....7...................7....9..38
.1.........7...5.4..........59....6....1.8...
4..5..................23...1.....3.2....4....
      6...3.4..   .7...5...   .7.92....      
      2....8.7.   ..17.25..   .4.1....9      
      ....79.8.   ...1...8.   ..6.3...2      
....5....7.5.....9...21..................1..3
...2.6....9....72..........8.5...2.........4.
78..1....8...................1.....1....7....
.9.5...72   .....7.3.   ....8.793   ...9..235
..6..91..   ..38.41..   ..5.39...   2.3.1.49.
1.5...4..   ..8..5..7   .9..241.6   ...2...1.
...........8..........17.........9......9....
.5...2...3............4..........7...........
...3.4....4....5.....3......57....8......81.4
      .8.9..5..   .1.5....8   .......8.      
      5...278..   938...6..   5....19.6      
      .4....912   .......9.   ...82...1      
      ....5....   8....27.5   7..1...5.      
      ...7..49.   2.5....64   4.3......      
      .....4..5   .........   ..64..1.7      

1161 total cells
300 filled cells [25%]
861 empty cells

# --------
# solution
# --------

295614783876539421134278596451826379967153248382497615628341957743985162519762834
732519864561874239849326715687953421193742586254681973416297358378465192925138647
839715624761482953254396187185934276472168395396257841617849532548623719923571468
573491628961825743284376519657213894129784356348659271835142967712968435496537182
957823416162459378834167925425918763389276541671345289548791632216534897793682154
358294617192376548647815923583962174924731856761548239415687392236459781879123465
532714689719856324468923175875431962124689753396275841641597238253168497987342516
967321548435987216182456793678132459259648371314579682893765124741293865526814937
632978415897451236154623879376895142481762593529134687768219354943586721215347968
392587641781469253465312987173928564248156379956734812819643725634275198527891436
612457893539286741784913526398541672246739185175628439927865314453172968861394257
124359768865721943937486215592617834673894152418235697756148329241973586389562471
354672819721895634968341527412586793675139482893724156546913278137268945289457361
725461983198532746436879521641987235283615497957243618314796852862154379579328164
314298756968375241257641389682913574591427863743586912426859137135762498879134625
329817546586249137471356289612593478938174652754628391843962715295731864167485923
278956314945713862361284579137649285582371946694825731729168453413597628856432197

. . . . . . 2 9 5 6 1 4 7 8 3 . . . 7 3 2 5 1 9 8 6 4 . . . 8 3 9 7 1 5 6 2 4 . . . . . . 
. . . . . . 8 7 6 5 3 9 4 2 1 . . . 5 6 1 8 7 4 2 3 9 . . . 7 6 1 4 8 2 9 5 3 . . . . . . 
. . . . . . 1 3 4 2 7 8 5 9 6 . . . 8 4 9 3 2 6 7 1 5 . . . 2 5 4 3 9 6 1 8 7 . . . . . . 
. . . . . . 4 5 1 8 2 6 3 7 9 . . . 6 8 7 9 5 3 4 2 1 . . . 1 8 5 9 3 4 2 7 6 . . . . . . 
. . . . . . 9 6 7 1 5 3 2 4 8 . . . 1 9 3 7 4 2 5 8 6 . . . 4 7 2 1 6 8 3 9 5 . . . . . . 
. . . . . . 3 8 2 4 9 7 6 1 5 . . . 2 5 4 6 8 1 9 7 3 . . . 3 9 6 2 5 7 8 4 1 . . . . . . 
5 7 3 4 9 1 6 2 8 3 4 1 9 5 7 8 2 3 4 1 6 2 9 7 3 5 8 2 9 4 6 1 7 8 4 9 5 3 2 7 1 4 6 8 9 
9 6 1 8 2 5 7 4 3 9 8 5 1 6 2 4 5 9 3 7 8 4 6 5 1 9 2 3 7 6 5 4 8 6 2 3 7 1 9 8 5 6 3 2 4 
2 8 4 3 7 6 5 1 9 7 6 2 8 3 4 1 6 7 9 2 5 1 3 8 6 4 7 8 1 5 9 2 3 5 7 1 4 6 8 9 2 3 1 7 5 
6 5 7 2 1 3 8 9 4 . . . 4 2 5 9 1 8 7 6 3 . . . 5 8 3 9 6 2 1 7 4 . . . 8 7 5 4 3 1 9 6 2 
1 2 9 7 8 4 3 5 6 . . . 3 8 9 2 7 6 5 4 1 . . . 9 2 4 7 3 1 8 5 6 . . . 1 2 4 6 8 9 7 5 3 
3 4 8 6 5 9 2 7 1 . . . 6 7 1 3 4 5 2 8 9 . . . 7 6 1 5 4 8 2 3 9 . . . 3 9 6 2 7 5 8 4 1 
8 3 5 1 4 2 9 6 7 3 2 1 5 4 8 7 9 1 6 3 2 9 7 8 4 1 5 6 8 7 3 9 2 5 8 7 6 4 1 5 9 7 2 3 8 
7 1 2 9 6 8 4 3 5 9 8 7 2 1 6 5 3 4 8 9 7 4 5 1 2 3 6 4 5 9 7 8 1 4 6 9 2 5 3 1 6 8 4 9 7 
4 9 6 5 3 7 1 8 2 4 5 6 7 9 3 6 8 2 1 5 4 6 2 3 8 7 9 1 2 3 4 6 5 3 1 2 9 8 7 3 4 2 5 1 6 
. . . . . . 6 7 8 1 3 2 4 5 9 . . . 3 7 6 8 9 5 1 4 2 . . . 1 7 3 9 2 8 5 6 4 . . . . . . 
. . . . . . 2 5 9 6 4 8 3 7 1 . . . 4 8 1 7 6 2 5 9 3 . . . 2 4 8 1 5 6 3 7 9 . . . . . . 
. . . . . . 3 1 4 5 7 9 6 8 2 . . . 5 2 9 1 3 4 6 8 7 . . . 9 5 6 7 3 4 8 1 2 . . . . . . 
6 1 2 4 5 7 8 9 3 7 6 5 1 2 4 3 5 9 7 6 8 2 1 9 3 5 4 6 7 2 8 1 9 6 4 3 7 2 5 4 6 1 9 8 3 
5 3 9 2 8 6 7 4 1 2 9 3 8 6 5 7 2 1 9 4 3 5 8 6 7 2 1 8 9 5 6 3 4 2 7 5 1 9 8 5 3 2 7 4 6 
7 8 4 9 1 3 5 2 6 8 1 4 9 3 7 4 8 6 2 1 5 3 4 7 9 6 8 3 4 1 5 2 7 8 9 1 4 3 6 8 7 9 5 2 1 
3 9 8 5 4 1 6 7 2 . . . 5 9 2 6 1 7 8 3 4 . . . 4 1 2 5 8 6 7 9 3 . . . 6 4 1 9 8 7 2 3 5 
2 4 6 7 3 9 1 8 5 . . . 6 7 3 8 9 4 1 5 2 . . . 6 7 5 1 3 9 4 8 2 . . . 2 8 3 6 1 5 4 9 7 
1 7 5 6 2 8 4 3 9 . . . 4 1 8 2 3 5 6 9 7 . . . 8 9 3 7 2 4 1 5 6 . . . 9 5 7 2 4 3 6 1 8 
9 2 7 8 6 5 3 1 4 2 9 8 7 5 6 1 4 8 3 2 9 8 1 7 5 4 6 9 1 3 2 7 8 9 5 6 3 1 4 7 9 6 8 5 2 
4 5 3 1 7 2 9 6 8 3 7 5 2 4 1 9 7 3 5 8 6 2 4 9 1 3 7 2 6 8 9 4 5 7 1 3 8 6 2 1 5 4 3 7 9 
8 6 1 3 9 4 2 5 7 6 4 1 3 8 9 5 6 2 4 7 1 3 5 6 2 8 9 4 5 7 3 6 1 2 8 4 5 7 9 3 2 8 1 6 4 
. . . . . . 6 8 2 9 1 3 5 7 4 . . . 6 1 2 5 9 3 4 7 8 . . . 1 3 7 6 4 9 2 8 5 . . . . . . 
. . . . . . 5 9 1 4 2 7 8 6 3 . . . 9 3 8 1 7 4 6 5 2 . . . 5 8 2 3 7 1 9 4 6 . . . . . . 
. . . . . . 7 4 3 5 8 6 9 1 2 . . . 7 5 4 6 2 8 3 9 1 . . . 6 9 4 8 2 5 7 3 1 . . . . . . 
. . . . . . 4 2 6 8 5 9 1 3 7 . . . 8 4 3 9 6 2 7 1 5 . . . 7 2 9 1 6 8 4 5 3 . . . . . . 
. . . . . . 1 3 5 7 6 2 4 9 8 . . . 2 9 5 7 3 1 8 6 4 . . . 4 1 3 5 9 7 6 2 8 . . . . . . 
. . . . . . 8 7 9 1 3 4 6 2 5 . . . 1 6 7 4 8 5 9 2 3 . . . 8 5 6 4 3 2 1 9 7 . . . . . . 

      295614783   732519864   839715624      
      876539421   561874239   761482953      
      134278596   849326715   254396187      
      451826379   687953421   185934276      
      967153248   193742586   472168395      
      382497615   254681973   396257841      
573491628341957823416297358294617849532714689
961825743985162459378465192376548623719856324
284376519762834167925138647815923571468923175
657213894   425918763   583962174   875431962
129784356   389276541   924731856   124689753
348659271   671345289   761548239   396275841
835142967321548791632978415687392587641597238
712968435987216534897451236459781469253168497
496537182456793682154623879123465312987342516
      678132459   376895142   173928564      
      259648371   481762593   248156379      
      314579682   529134687   956734812      
612457893765124359768219354672819643725461983
539286741293865721943586721895634275198532746
784913526814937486215347968341527891436879521
398541672   592617834   412586793   641987235
246739185   673894152   675139482   283615497
175628439   418235697   893724156   957243618
927865314298756148329817546913278956314796852
453172968375241973586249137268945713862154379
861394257641389562471356289457361284579328164
      682913574   612593478   137649285      
      591427863   938174652   582371946      
      743586912   754628391   694825731      
      426859137   843962715   729168453      
      135762498   295731864   413597628      
      879134625   167485923   856432197      

1161 total cells
1161 filled cells [100%]
0 empty cells

