35..4.......72......4.15...4...3...8.791..........7..4...3.1.......5.............
.....3....465....7.8.7..2....5.3.419....5....9.....8.............................
24..5...6........3...3.9...45....3......95..2..9...1......6.......8.1............
.....8...6.87.2.......6.....4..8......1.2...786.49...1............9..........3...
............1.........7.......4.......5....2.9..71..6..............9........2....
.....................65.........7..34.7.9.....2...8.7......1.......8.............
...36..........8......8...13..1...981....3....2...8......9....5.......6....41.2..
...1........4..............3......5......9231......46.....7.........5........2...
...973.......2.......1...........786..2...1..167...........2.......3.......659...
...1........6.........9.....72......6847......9......1..............7........4...
..8.79....4.......9....6......7...4....9....516...5..78...5......6..........82...
.............1.......2......2.6...1.....8.9.68..4.........48.....................
....1........7..............9..38..1.1....5.......1.......4.........3............
...6..........1............6...93.878...4.5......6..4.....5.......9.82.4...3.....
............5.6.......4......3...8..8..41......9....24...6.1...4........3...5..69
.............................4.....2....3....531.2.7....2..7.1.9....253....6.....
.............6.......1.8...2..6..........479.8...3...4...72.3......46.......1..75

. . . . . . 3 5 0 0 4 0 0 0 0 . . . 0 0 0 0 0 3 0 0 0 . . . 2 4 0 0 5 0 0 0 6 . . . . . . 
. . . . . . 0 0 0 7 2 0 0 0 0 . . . 0 4 6 5 0 0 0 0 7 . . . 0 0 0 0 0 0 0 0 3 . . . . . . 
. . . . . . 0 0 4 0 1 5 0 0 0 . . . 0 8 0 7 0 0 2 0 0 . . . 0 0 0 3 0 9 0 0 0 . . . . . . 
. . . . . . 4 0 0 0 3 0 0 0 8 . . . 0 0 5 0 3 0 4 1 9 . . . 4 5 0 0 0 0 3 0 0 . . . . . . 
. . . . . . 0 7 9 1 0 0 0 0 0 . . . 0 0 0 0 5 0 0 0 0 . . . 0 0 0 0 9 5 0 0 2 . . . . . . 
. . . . . . 0 0 0 0 0 7 0 0 4 . . . 9 0 0 0 0 0 8 0 0 . . . 0 0 9 0 0 0 1 0 0 . . . . . . 
0 0 0 0 0 8 0 0 0 3 0 1 0 0 0 0 0 0 0 0 0 0 0 0 0 0 0 0 0 0 0 0 0 0 6 0 0 0 0 3 6 0 0 0 0 
6 0 8 7 0 2 0 0 0 0 5 0 0 0 0 1 0 0 0 0 0 0 0 0 0 0 0 0 0 0 0 0 0 8 0 1 0 0 0 0 0 0 8 0 0 
0 0 0 0 6 0 0 0 0 0 0 0 0 0 0 0 7 0 0 0 0 0 0 0 0 0 0 6 5 0 0 0 0 0 0 0 0 0 0 0 8 0 0 0 1 
0 4 0 0 8 0 0 0 0 . . . 0 0 0 4 0 0 0 0 0 . . . 0 0 0 0 0 7 0 0 3 . . . 3 0 0 1 0 0 0 9 8 
0 0 1 0 2 0 0 0 7 . . . 0 0 5 0 0 0 0 2 0 . . . 4 0 7 0 9 0 0 0 0 . . . 1 0 0 0 0 3 0 0 0 
8 6 0 4 9 0 0 0 1 . . . 9 0 0 7 1 0 0 6 0 . . . 0 2 0 0 0 8 0 7 0 . . . 0 2 0 0 0 8 0 0 0 
0 0 0 0 0 0 0 0 0 1 0 0 0 0 0 0 0 0 0 0 0 9 7 3 0 0 0 0 0 1 0 0 0 1 0 0 0 0 0 9 0 0 0 0 5 
0 0 0 9 0 0 0 0 0 4 0 0 0 0 0 0 9 0 0 0 0 0 2 0 0 0 0 0 8 0 0 0 0 6 0 0 0 0 0 0 0 0 0 6 0 
0 0 0 0 0 3 0 0 0 0 0 0 0 0 0 0 2 0 0 0 0 1 0 0 0 0 0 0 0 0 0 0 0 0 9 0 0 0 0 4 1 0 2 0 0 
. . . . . . 3 0 0 0 0 0 0 5 0 . . . 0 0 0 0 0 0 7 8 6 . . . 0 7 2 0 0 0 0 0 0 . . . . . . 
. . . . . . 0 0 0 0 0 9 2 3 1 . . . 0 0 2 0 0 0 1 0 0 . . . 6 8 4 7 0 0 0 0 0 . . . . . . 
. . . . . . 0 0 0 0 0 0 4 6 0 . . . 1 6 7 0 0 0 0 0 0 . . . 0 9 0 0 0 0 0 0 1 . . . . . . 
0 0 8 0 7 9 0 0 0 0 7 0 0 0 0 0 0 0 0 0 0 0 0 2 0 0 0 0 1 0 0 0 0 0 0 0 0 0 0 6 0 0 0 0 0 
0 4 0 0 0 0 0 0 0 0 0 5 0 0 0 0 1 0 0 0 0 0 3 0 0 0 0 0 7 0 0 0 0 0 0 7 0 0 0 0 0 1 0 0 0 
9 0 0 0 0 6 0 0 0 0 0 2 0 0 0 2 0 0 0 0 0 6 5 9 0 0 0 0 0 0 0 0 0 0 0 4 0 0 0 0 0 0 0 0 0 
0 0 0 7 0 0 0 4 0 . . . 0 2 0 6 0 0 0 1 0 . . . 0 9 0 0 3 8 0 0 1 . . . 6 0 0 0 9 3 0 8 7 
0 0 0 9 0 0 0 0 5 . . . 0 0 0 0 8 0 9 0 6 . . . 0 1 0 0 0 0 5 0 0 . . . 8 0 0 0 4 0 5 0 0 
1 6 0 0 0 5 0 0 7 . . . 8 0 0 4 0 0 0 0 0 . . . 0 0 0 0 0 1 0 0 0 . . . 0 0 0 0 6 0 0 4 0 
8 0 0 0 5 0 0 0 0 0 0 0 0 0 0 0 4 8 0 0 0 0 0 0 0 0 0 0 4 0 0 0 0 0 0 0 0 0 0 0 5 0 0 0 0 
0 0 6 0 0 0 0 0 0 5 0 6 0 0 0 0 0 0 0 0 0 0 0 0 0 0 0 0 0 3 0 0 0 0 6 0 0 0 0 9 0 8 2 0 4 
0 0 0 0 8 2 0 0 0 0 4 0 0 0 0 0 0 0 0 0 0 0 0 0 0 0 0 0 0 0 0 0 0 1 0 8 0 0 0 3 0 0 0 0 0 
. . . . . . 0 0 3 0 0 0 8 0 0 . . . 0 0 4 0 0 0 0 0 2 . . . 2 0 0 6 0 0 0 0 0 . . . . . . 
. . . . . . 8 0 0 4 1 0 0 0 0 . . . 0 0 0 0 3 0 0 0 0 . . . 0 0 0 0 0 4 7 9 0 . . . . . . 
. . . . . . 0 0 9 0 0 0 0 2 4 . . . 5 3 1 0 2 0 7 0 0 . . . 8 0 0 0 3 0 0 0 4 . . . . . . 
. . . . . . 0 0 0 6 0 1 0 0 0 . . . 0 0 2 0 0 7 0 1 0 . . . 0 0 0 7 2 0 3 0 0 . . . . . . 
. . . . . . 4 0 0 0 0 0 0 0 0 . . . 9 0 0 0 0 2 5 3 0 . . . 0 0 0 0 4 6 0 0 0 . . . . . . 
. . . . . . 3 0 0 0 5 0 0 6 9 . . . 0 0 0 6 0 0 0 0 0 . . . 0 0 0 0 1 0 0 7 5 . . . . . . 

      35..4....   .....3...   24..5...6      
      ...72....   .465....7   ........3      
      ..4.15...   .8.7..2..   ...3.9...      
      4...3...8   ..5.3.419   45....3..      
      .791.....   ....5....   ....95..2      
      .....7..4   9.....8..   ..9...1..      
.....8...3.1......................6....36....
6.87.2....5....1.................8.1......8..
....6...........7..........65...........8...1
.4..8....   ...4.....   .....7..3   3..1...98
..1.2...7   ..5....2.   4.7.9....   1....3...
86.49...1   9..71..6.   .2...8.7.   .2...8...
.........1...........973.....1...1.....9....5
...9.....4......9.....2.....8....6.........6.
.....3..........2....1............9....41.2..
      3......5.   ......786   .72......      
      .....9231   ..2...1..   6847.....      
      ......46.   167......   .9......1      
..8.79....7............2....1..........6.....
.4.........5....1.....3.....7......7.....1...
9....6.....2...2.....659...........4.........
...7...4.   .2.6...1.   .9..38..1   6...93.87
...9....5   ....8.9.6   .1....5..   8...4.5..
16...5..7   8..4.....   .....1...   ....6..4.
8...5...........48..........4...........5....
..6......5.6.................3....6....9.82.4
....82....4......................1.8...3.....
      ..3...8..   ..4.....2   2..6.....      
      8..41....   ....3....   .....479.      
      ..9....24   531.2.7..   8...3...4      
      ...6.1...   ..2..7.1.   ...72.3..      
      4........   9....253.   ....46...      
      3...5..69   ...6.....   ....1..75      

1161 total cells
270 filled cells [23%]
891 empty cells

# --------
# solution
# --------

357948126681723945924615873416532798879164532235897614762381459193456287548279361
729643158146528937583791246265837419418952673937164825371489562694275381852316794
243758916981624573675319428452186397137495862869237154794563281526841739318972645
914538762658742193723169548247381956391625487865497321539816274182974635476253819
459286371287135694361974852736452189815369427942718563593647218128593746674821935
562813794381974526794652318859267143437195682126348975645721839913486257278539461
281365974739241856645789321376124598198573642524698713462937185913852467857416239
274186593635497128819253674361724859547869231928531467456978312192345786783612945
218973645746528913935146278453291786892367154167485392674812539529734861381659427
839175462257648913461392857172539648684721539593486271726853194945217386318964725
318279456647538192952416783235761849784923615169845327821357964576194238493682571
312895674786314529945267381527639418134782956869451732253948167471526893698173245
539814726861372945427956318794538261318627594652491837983145672245763189176289453
194635728386721459725489631642593187873142596951867342418256973537918264269374815
964178253238596471571342698643927815827415936159863724795681342416239587382754169
167245983893176245245893176784561392629734851531928764452387619976412538318659427
672953418189462537453178269247691853531284796896537124968725341715346982324819675

. . . . . . 3 5 7 9 4 8 1 2 6 . . . 7 2 9 6 4 3 1 5 8 . . . 2 4 3 7 5 8 9 1 6 . . . . . . 
. . . . . . 6 8 1 7 2 3 9 4 5 . . . 1 4 6 5 2 8 9 3 7 . . . 9 8 1 6 2 4 5 7 3 . . . . . . 
. . . . . . 9 2 4 6 1 5 8 7 3 . . . 5 8 3 7 9 1 2 4 6 . . . 6 7 5 3 1 9 4 2 8 . . . . . . 
. . . . . . 4 1 6 5 3 2 7 9 8 . . . 2 6 5 8 3 7 4 1 9 . . . 4 5 2 1 8 6 3 9 7 . . . . . . 
. . . . . . 8 7 9 1 6 4 5 3 2 . . . 4 1 8 9 5 2 6 7 3 . . . 1 3 7 4 9 5 8 6 2 . . . . . . 
. . . . . . 2 3 5 8 9 7 6 1 4 . . . 9 3 7 1 6 4 8 2 5 . . . 8 6 9 2 3 7 1 5 4 . . . . . . 
9 1 4 5 3 8 7 6 2 3 8 1 4 5 9 2 8 6 3 7 1 4 8 9 5 6 2 8 1 3 7 9 4 5 6 3 2 8 1 3 6 5 9 7 4 
6 5 8 7 4 2 1 9 3 4 5 6 2 8 7 1 3 5 6 9 4 2 7 5 3 8 1 9 7 4 5 2 6 8 4 1 7 3 9 2 4 1 8 5 6 
7 2 3 1 6 9 5 4 8 2 7 9 3 6 1 9 7 4 8 5 2 3 1 6 7 9 4 6 5 2 3 1 8 9 7 2 6 4 5 7 8 9 3 2 1 
2 4 7 3 8 1 9 5 6 . . . 7 3 6 4 5 2 1 8 9 . . . 8 5 9 2 6 7 1 4 3 . . . 3 7 6 1 2 4 5 9 8 
3 9 1 6 2 5 4 8 7 . . . 8 1 5 3 6 9 4 2 7 . . . 4 3 7 1 9 5 6 8 2 . . . 1 9 8 5 7 3 6 4 2 
8 6 5 4 9 7 3 2 1 . . . 9 4 2 7 1 8 5 6 3 . . . 1 2 6 3 4 8 9 7 5 . . . 5 2 4 6 9 8 7 1 3 
5 3 9 8 1 6 2 7 4 1 8 6 5 9 3 6 4 7 2 1 8 9 7 3 6 4 5 7 2 1 8 3 9 1 7 5 4 6 2 9 3 7 1 8 5 
1 8 2 9 7 4 6 3 5 4 9 7 1 2 8 5 9 3 7 4 6 5 2 8 9 1 3 4 8 6 2 5 7 6 4 8 9 1 3 8 5 2 4 6 7 
4 7 6 2 5 3 8 1 9 2 5 3 6 7 4 8 2 1 9 3 5 1 4 6 2 7 8 5 3 9 4 6 1 3 9 2 8 5 7 4 1 6 2 3 9 
. . . . . . 3 6 1 7 2 4 8 5 9 . . . 4 5 3 2 9 1 7 8 6 . . . 1 7 2 5 3 9 6 4 8 . . . . . . 
. . . . . . 5 4 7 8 6 9 2 3 1 . . . 8 9 2 3 6 7 1 5 4 . . . 6 8 4 7 2 1 5 3 9 . . . . . . 
. . . . . . 9 2 8 5 3 1 4 6 7 . . . 1 6 7 4 8 5 3 9 2 . . . 5 9 3 4 8 6 2 7 1 . . . . . . 
3 1 8 2 7 9 4 5 6 9 7 8 3 1 2 8 9 5 6 7 4 8 1 2 5 3 9 8 1 4 7 2 6 8 5 3 1 9 4 6 3 5 7 2 8 
6 4 7 5 3 8 1 9 2 3 4 5 7 8 6 3 1 4 5 2 9 7 3 4 8 6 1 3 7 2 9 4 5 2 1 7 3 8 6 7 2 1 4 5 9 
9 5 2 4 1 6 7 8 3 6 1 2 9 4 5 2 6 7 3 8 1 6 5 9 4 2 7 9 5 6 3 1 8 9 6 4 7 2 5 4 8 9 6 3 1 
2 3 5 7 6 1 8 4 9 . . . 5 2 7 6 3 9 4 1 8 . . . 7 9 4 5 3 8 2 6 1 . . . 6 4 2 5 9 3 1 8 7 
7 8 4 9 2 3 6 1 5 . . . 1 3 4 7 8 2 9 5 6 . . . 3 1 8 6 2 7 5 9 4 . . . 8 7 3 1 4 2 5 9 6 
1 6 9 8 4 5 3 2 7 . . . 8 6 9 4 5 1 7 3 2 . . . 6 5 2 4 9 1 8 3 7 . . . 9 5 1 8 6 7 3 4 2 
8 2 1 3 5 7 9 6 4 1 7 8 2 5 3 9 4 8 1 6 7 2 4 5 9 8 3 1 4 5 6 7 2 9 5 3 4 1 8 2 5 6 9 7 3 
5 7 6 1 9 4 2 3 8 5 9 6 4 7 1 5 2 6 8 9 3 1 7 6 2 4 5 7 6 3 1 8 9 4 6 2 5 3 7 9 1 8 2 6 4 
4 9 3 6 8 2 5 7 1 3 4 2 6 9 8 1 7 3 2 4 5 8 9 3 1 7 6 2 8 9 4 5 3 1 7 8 2 6 9 3 7 4 8 1 5 
. . . . . . 6 4 3 9 2 7 8 1 5 . . . 7 8 4 5 6 1 3 9 2 . . . 2 4 7 6 9 1 8 5 3 . . . . . . 
. . . . . . 8 2 7 4 1 5 9 3 6 . . . 6 2 9 7 3 4 8 5 1 . . . 5 3 1 2 8 4 7 9 6 . . . . . . 
. . . . . . 1 5 9 8 6 3 7 2 4 . . . 5 3 1 9 2 8 7 6 4 . . . 8 9 6 5 3 7 1 2 4 . . . . . . 
. . . . . . 7 9 5 6 8 1 3 4 2 . . . 4 5 2 3 8 7 6 1 9 . . . 9 6 8 7 2 5 3 4 1 . . . . . . 
. . . . . . 4 1 6 2 3 9 5 8 7 . . . 9 7 6 4 1 2 5 3 8 . . . 7 1 5 3 4 6 9 8 2 . . . . . . 
. . . . . . 3 8 2 7 5 4 1 6 9 . . . 3 1 8 6 5 9 4 2 7 . . . 3 2 4 8 1 9 6 7 5 . . . . . . 

      357948126   729643158   243758916      
      681723945   146528937   981624573      
      924615873   583791246   675319428      
      416532798   265837419   452186397      
      879164532   418952673   137495862      
      235897614   937164825   869237154      
914538762381459286371489562813794563281365974
658742193456287135694275381974526841739241856
723169548279361974852316794652318972645789321
247381956   736452189   859267143   376124598
391625487   815369427   437195682   198573642
865497321   942718563   126348975   524698713
539816274186593647218973645721839175462937185
182974635497128593746528913486257648913852467
476253819253674821935146278539461392857416239
      361724859   453291786   172539648      
      547869231   892367154   684721539      
      928531467   167485392   593486271      
318279456978312895674812539814726853194635728
647538192345786314529734861372945217386721459
952416783612945267381659427956318964725489631
235761849   527639418   794538261   642593187
784923615   134782956   318627594   873142596
169845327   869451732   652491837   951867342
821357964178253948167245983145672953418256973
576194238596471526893176245763189462537918264
493682571342698173245893176289453178269374815
      643927815   784561392   247691853      
      827415936   629734851   531284796      
      159863724   531928764   896537124      
      795681342   452387619   968725341      
      416239587   976412538   715346982      
      382754169   318659427   324819675      

1161 total cells
1161 filled cells [100%]
0 empty cells

