.1.7.4...6...9.....32......3..8..........1......3.....9..........8.......7.......
...3.7.4.....5...6......21......4..2...6..........2...........1......7.........9.
............................94...23....6.8...8.......9..........65.3.97....4.5...

0 1 0 7 0 4 0 0 0 3 0 7 0 4 0 
6 0 0 0 9 0 0 0 0 0 5 0 0 0 6 
0 3 2 0 0 0 0 0 0 0 0 0 2 1 0 
3 0 0 8 0 0 0 0 0 0 0 4 0 0 2 
0 0 0 0 0 1 0 0 0 6 0 0 0 0 0 
0 0 0 3 0 0 0 0 0 0 0 2 0 0 0 
9 0 0 0 0 0 0 0 0 0 0 0 0 0 1 
0 0 8 0 0 0 0 0 0 0 0 0 7 0 0 
0 7 0 0 0 0 0 0 0 0 0 0 0 9 0 
. . . 0 9 4 0 0 0 2 3 0 . . . 
. . . 0 0 0 6 0 8 0 0 0 . . . 
. . . 8 0 0 0 0 0 0 0 9 . . . 
. . . 0 0 0 0 0 0 0 0 0 . . . 
. . . 0 6 5 0 3 0 9 7 0 . . . 
. . . 0 0 0 4 0 5 0 0 0 . . . 

.1.7.4...3.7.4.
6...9.....5...6
.32.........21.
3..8.......4..2
.....1...6.....
...3.......2...
9.............1
..8.........7..
.7...........9.
   .94...23.   
   ...6.8...   
   8.......9   
   .........   
   .65.3.97.   
   ...4.5...   

189 total cells
43 filled cells [22%]
146 empty cells

# --------
# solution
# --------

519734268687295143432618957325849671896571432741362895953126784268457319174983526
268317945143259876957468213671984532432675189895132467784593621319826754526741398
126784593457319826983526741694157238532698417871243659348972165265831974719465382

5 1 9 7 3 4 2 6 8 3 1 7 9 4 5 
6 8 7 2 9 5 1 4 3 2 5 9 8 7 6 
4 3 2 6 1 8 9 5 7 4 6 8 2 1 3 
3 2 5 8 4 9 6 7 1 9 8 4 5 3 2 
8 9 6 5 7 1 4 3 2 6 7 5 1 8 9 
7 4 1 3 6 2 8 9 5 1 3 2 4 6 7 
9 5 3 1 2 6 7 8 4 5 9 3 6 2 1 
2 6 8 4 5 7 3 1 9 8 2 6 7 5 4 
1 7 4 9 8 3 5 2 6 7 4 1 3 9 8 
. . . 6 9 4 1 5 7 2 3 8 . . . 
. . . 5 3 2 6 9 8 4 1 7 . . . 
. . . 8 7 1 2 4 3 6 5 9 . . . 
. . . 3 4 8 9 7 2 1 6 5 . . . 
. . . 2 6 5 8 3 1 9 7 4 . . . 
. . . 7 1 9 4 6 5 3 8 2 . . . 

519734268317945
687295143259876
432618957468213
325849671984532
896571432675189
741362895132467
953126784593621
268457319826754
174983526741398
   694157238   
   532698417   
   871243659   
   348972165   
   265831974   
   719465382   

189 total cells
189 filled cells [100%]
0 empty cells

