201007500060100280900002017020430006000609000609050000850000000012000000003500000
000423010408005000002180000020061900050800400806500030000008000000000000000010000
000030092600009000093000540380251070001700008260000050000500000000010000000007000
004853100370090028009000500002030900040020030900601004000000000000305000000000000
840010000000400008056000130090861053500003600030000021000007000000040000000200000
060254000000300506000076300005410090001003020020005607000500000000000000000040000
008300509039005040740200003300061070000708000000020405000000092000000850000009700
000000000000009000000000000000040030000823600030076025000090000000205000000008000
000000000000300000000200000300000900760025300085007000000601000000503000000000000
000000000000100000000300000600001900050008003037560000000020000000800000000015000
000000000000002000000007000005700008100200070000046130000060000000004000000370000
000000000000008000000001000001000008004820091000400320000204000000103000000000000
000000000000600000000000000020040000006932000840710050000050000000809000000300000
070008000000530000023007000102059000506800002390100500000290000900006000000000000
000400000000200000000000000560090080000870900000002301000058000000700000000003000
000600000000000000000100000060005002000908000870401030000000000000000000000010000
000000000000708000000501000000876000003204800000050000000000000000000000000302000
000002000000000000000006000500700030000604000070509061000000000000000000000040000
000007000000002000000000000030040057009075000807600000000780000000003000000400000
000700090000039000000200540000950107500002809003001052000023000000800004000000000
000180000000045000000006000036000450000050000000012830000420000000000000000000000
000300000000040000000150000201060800036800000000000003000200000000000000000004000
000005000000800000000049000903001000080034600001790200000000000000060000000000000
000100000000005000000290000000800603004970010006052400000000000000060000000000000
000008000000030000000064000004050607000001940700000000000006000000000000000900000
000039000000240000000700000093000570000070000087620000000082000000000000000000000
070804000003509000008010000000240600400600090060100007001000000604701000200030000
000008000000506000000000000701092000000000006000745000000000000000001000000900000
000000000000000000000000000000628703000300060000400005000900000000010000000704000
000040000000020000000501000010902060200000009007685100000000000000000000000000000
000000000000000000000000000206341000070002000300006000000005000000030000000708000
000300000000106000000000000000630907300000000000952000000000000000200000000005000
000607030000503100000040500004032000010006005800004010000000900000701803000060001
000200000000054000000007000081002060000005201000890004000900000000000000000020000
000200000000080000000904000020008000009026080706130000000047000000000000000000000
000030000000009000000507000001370000500290080096004000000000000000060000000000000
000040000000900000000108000000034800090085002000600530000000000000020000000000000
000005000000010000000406000000700020070580100000041703000650000000000000000000000
000009000000420000000100000020900830103800000800037000000002000000000000000060000
070009000080040000604200000900008070760430000100002040307900000020010000010005000
000000000000000000000020000081260003000903000034780006000070000000000000000000000
000060000000100000000004000004708000520003000001605000000001000000400000000070000
000000000000725000000608000092000460070000090054000230000809000000162000000000000
000050000000007000000600000000506700000200064000408500000100000000002000000060000
000000000000000000000010000900067540000905000800031720000090000000000000000000000
000300080000050060000007503060500008000046021090700005000005306000070010000800050
000030000000000000000100000000810006000005701091006030000003000000041000000900000
000000000000000000000039000105340000006091070090006000000702000000050000000900000
000000000000060000000000000012009000300710060007620000000802000000006000000040000
000000000000090000000000000000900760060017004000065300000601000000300000000080000
000000000000000000000570000000052704020430900000800020000605000000010000000008000
000030000000000000000009000600093000301700000070400120000800000000370000000002000
500030000904208000006000000050300001600400020000720600005070000009503000030804000
000500000000004000000000000000619000000000009903057000000000000000305000000008000
000809000000010000000500000000200007000900080000463205000000000000000000000000000
000000000000000000000000000001645900400000005050701060000807000000060000000010000
000709000000010000000008000700005000060007000801643000000000000000000000000000000
000008000000100000000000000000839000600000000000460201000000000000905000000300000
000060009000507601000000700500002080070009006001056000000040200000805900000603010
000000000000000000000640000000021860000030000085000310000007000000062000000180000
000005000000000000000100000000000008014300000709020300000860000000050000000200000
000000000000050000000000000003560700080031600605007000000024000000300000000005000
000000000000050000000000000001065700005390040000100506000930000000001000000500000
000600000000000000000007000800000000000004530002030604000072000000090000000006000
000000000000000000000043000051630000000050000036000510000500000000280000000014000
000000000300002000000810000720300900608500002905028000092006000000280000070005000
000009000000500000000062000000006804000840200840030090000000000000400000000600000
000050000000000000000000000520301070000602000080007002000700000000000000000800000
000408000000000000000000000000090000009705300000643000000307000000806000000000000
000070000000000000000000000050306094000804000900100060000003000000000000000001000
000500000000001000000240000704600000008017000020030041000000000000002000000004000
000000000000600008000083000006009025100004603000360401000200380000016000000900010
000009000000207000000010000040032069000196500000040030000000000000001000000000000
000000000000105000000704000054006000370092800800000400000200000000300000000000000
000041000000300000000080000047160000030008006900003200000800000000600000000000000
000250000000006000000040000000031480700400030004700002000004000000007000000000000
000000000000209000000108000000900670007620093008000005000003000000002000000000000
000600000000704000000010000830560070002971000090030000000000000000300000000000000
005800000064000000910000000102070000000104000080230007800001035090400780307005400
000060000000000000000003000805400030090300100030082600002650000506007000000218050
000003000000050000000800000410000080003400006670298040027000690300004000000010035
000000000000607000000000000200703006080090070004060500003000200460010039002374100
000100000000090000000007000010000086900005700030478092045000910000500008180040000
000020000000000000000500000070001605005007030003260040000012300000300104040758000
000001600000000480000000017000090708000708000500014020420900001069002050007100209

source:
http://forum.enjoysudoku.com/viewtopic.php?t=5705
http://forum.enjoysudoku.com/has-anyone-ever-done-this-puzzle-t5705.html
Daddy of All Gattai #2 (November 15, 2007)

