020410600980007021000008000700005900800030007063800050300900000090006000070080000
000560000982741000007092000000903008000070063839000107000000000000009000000200000
300100009016000700408009000705200010030001600000060530000090000000003000000700000
006709200570060083908000601150000098000090000893000462000903000000802000000070000
300005007004000520000900308060009802009700030045080000000090000000500000000002000
000013000000654237000970400500701000940030000706000125000000000000800000000006000
002086090890400021000300000005200009600070003080004210000002005000800060000090030
000000000000059000000060000000020000028400009040000217000008000000004000000016000
000000000000000000000000000001200000080001460000587000000010000000460000000050000
000009000000010000000060000012604800009000002700000190000700000000950000000041000
000900000000040000000020000003207980600000700087000003000004000000031000000890000
000000000000000000000000000000003500037500040000792000000080000000025000000030000
000000000000230000000050000000060000600009480987000030000700000000600000000980000
010008000050009000072006000140200009267010000035600020000002000000030000000597000
000000000000040000000007000000002400050009030009630000000300000000090000000000000
000000000000000000000002000080020000400100263002900870000009000000210000000080000
000000000000000000000000000400060003003010500000893000000000000000604000000902000
000000000000000000000800000000010080148007003057008400000400000000051000000070000
000000000000080000000700000002800000090400010000015300000007000000090000000000000
000500020000100070000200450600007094000040735040002680000400000000080000000725000
000000000000010000000200000000906020000005913000021000000080000000090000000000000
000003000000040000000000000000305070020006010700910300000009000000230000000000000
000075000000108000000003000620000407000059806000400000000900000000007000000020000
000940000000607000000200000302000057408590000000003000000005000000300000000070000
000300000000020000000000000050201000010800040007043002000700000000034000000000000
000000000000090000000002000030105000417300000000820000000050000000030000000000000
703500000040090000095100000200400005000005800009070020010062000000804000500000000
000020000000300000000001000000042080000500071003000400000014000000095000000030000
000000000000400000000000000010970650000604000000010040000300000000106000000000000
000000000000000000000000000000040000400918006800603005000807000000402000000000000
000000000000006000000000000023019060000804000080020000000001000000703000000000000
000090000000008000000100000050980000670003000004000500000710000000830000000060000
000008206000010030000007480300002008001800000050090300000730060000901000000000002
000001000000500000000360000000800970062000085300200001000602000000003000000050000
000400000000600000000000000030005700100040005965070030000980000000000000000150000
000000000000007000000058000000030000004170000072000061000000000000003000000004000
000000000000200000000460000000020000000085900390000520000000000000500000000600000
000006000000009000000000000001200060200060003060050421000045000000000000000028000
000700000000008000000062000071005000350000720200001005000603000000100000000050000
036208000080507000205006000500000240040010006800000710908003000050901000013604000
000100000000000000000070000000005064000496000000002057000040000000000000000900000
000079000000000000000000000000052380000410000000036120000000000000000000000024000
000000000000301000000040000020703040005000800040105030000050000000902000000000000
000430000000000000000000000057360000000057000038190000000000000000000000000240000
000009000000000000000070000760200000000958000280400000000090000000000000000004000
000306140000109070000800509085000004600090050092000001000600805000903020000507610
000090000000002000000307000100700004074000056000900130000230000000800000000006000
000730000000000000000180000824060050900010003070004900000000000000300000000600000
000005000000009000000000000049000025006250000000040000000072000000001000000000000
000600000000100000000000000620000750000036900000040000000270000000800000000000000
000019000000000000000062000020050768600090003001600090000000000000006000000004000
000080000000700000000405000400007009870000360063001000000079000000008000000600000
100000000000105000050082000004020030000008900700500004046200000020090000901800000
000080000000049000000056000002000700000500094000073020000007000000200000000030000
000000000000807000000300000000060070000409000080720410000000000000200000000000000
000000000000905000000108000400609008800351004000040000000000000000000000000000000
000000000000208000000009000030010000000903000021057040000000000000001000000000000
000090000000130000000240000001000800490003000050810000000300000000007000000050000
000000008000405000000630040060020900002800000800001007000003120000010030000008604
000000000000090000000080000000058000000002761000601030000400000000010000000000000
000000000000230000000004000200360900050009040000401030000000000000040000000005000
000030000000005000000100000000600000000098405890000306000001000000907000000054000
000080000000300000000009000000005000609170000807000015000900000000801000000750000
000000000000029000000600000001035009070900030090104000000000000000090000000300000
000000000000080000000040000000750000327800000050602000000001000000060000000000000
000426000000070000000003000021300070657090000490800005048002000060004000070008000
000000000000050000000800000007410000050006010000008400000004000000060000000000000
000040000000910000000006000008100950600400821070080000000005000000000000000000000
000106000000902000000000000000418000005060100400020009000000000000000000000000000
000030000000048000000100000084002700162003008000060030000700000000000000000000000
000000000000080000000004000000075800080100050005800000000900000000060000000000000
000194000000060000000800000020009170000020459500007062000300840000700020000900010
000014000000009000000008000020000897069100004000050000000060000000021000000000000
000040000000150000000070000000537000080001720007400000000000000000000000000000000
000039000000160000000500000100000780004000005065802300000090000000020000000001000
000150000000042000000006000041000007700000500008703160000030000000070000000400000
000090000000085000000010000000961000037400080000003400000000000000000000000000000
000140000000200000000500000325000080400009650000070000000060000000750000000000000
090040000030002000600100000017400080300090004800005700000004000450001027080760400
000600000000009000000000000542000607000040081000507004004073000267954000000860000
000500000000006000000070000000020970020005800406800010103002000084000500700900008
000030000000706000000105000514000623000040000280000041801000705740010036009502400
000007000000500000000040000029050000006300050050006401000900803003000260800003005
000006000000500000000000000205000984630090000400705000000650700000817469000043000
000060030000800010000009006040007180100030002005200003000900000610400079009021060

source:
http://sudocue.net/forum/viewtopic.php?t=843 (forum link is dead)
Daddy of All Gattai #1 (November 11, 2007)

