..62....585.1.........9..4....785.6.......5.1.92.......6.........7.......1.......
.......2.......7.........4.......51.9.3.......6.189....8..3.........6.843....19..

0 0 6 2 0 0 0 0 5 . . . 
8 5 0 1 0 0 0 0 0 . . . 
0 0 0 0 9 0 0 4 0 . . . 
0 0 0 7 8 5 0 6 0 . . . 
0 0 0 0 0 0 5 0 1 . . . 
0 9 2 0 0 0 0 0 0 . . . 
0 6 0 0 0 0 0 0 0 0 2 0 
0 0 7 0 0 0 0 0 0 7 0 0 
0 1 0 0 0 0 0 0 0 0 4 0 
. . . 0 0 0 0 0 0 5 1 0 
. . . 9 0 3 0 0 0 0 0 0 
. . . 0 6 0 1 8 9 0 0 0 
. . . 0 8 0 0 3 0 0 0 0 
. . . 0 0 0 0 0 6 0 8 4 
. . . 3 0 0 0 0 1 9 0 0 

..62....5   
85.1.....   
....9..4.   
...785.6.   
......5.1   
.92......   
.6........2.
..7......7..
.1........4.
   ......51.
   9.3......
   .6.189...
   .8..3....
   .....6.84
   3....19..

144 total cells
38 filled cells [26%]
106 empty cells

# --------
# solution
# --------

146273985859164327723598146431785269678942531592316874265439718987621453314857692
439718625621453798857692143248367519913245867765189432586934271192576384374821956

1 4 6 2 7 3 9 8 5 . . . 
8 5 9 1 6 4 3 2 7 . . . 
7 2 3 5 9 8 1 4 6 . . . 
4 3 1 7 8 5 2 6 9 . . . 
6 7 8 9 4 2 5 3 1 . . . 
5 9 2 3 1 6 8 7 4 . . . 
2 6 5 4 3 9 7 1 8 6 2 5 
9 8 7 6 2 1 4 5 3 7 9 8 
3 1 4 8 5 7 6 9 2 1 4 3 
. . . 2 4 8 3 6 7 5 1 9 
. . . 9 1 3 2 4 5 8 6 7 
. . . 7 6 5 1 8 9 4 3 2 
. . . 5 8 6 9 3 4 2 7 1 
. . . 1 9 2 5 7 6 3 8 4 
. . . 3 7 4 8 2 1 9 5 6 

146273985   
859164327   
723598146   
431785269   
678942531   
592316874   
265439718625
987621453798
314857692143
   248367519
   913245867
   765189432
   586934271
   192576384
   374821956

144 total cells
144 filled cells [100%]
0 empty cells

