....7..62..5..8..1.3....4...6.......4....682...1497.3.1..................2.......
.......8..................3.2.7619...743....5.......3...6....5.2..8..6..59..4....

0 0 0 0 7 0 0 6 2 . . . 
0 0 5 0 0 8 0 0 1 . . . 
0 3 0 0 0 0 4 0 0 . . . 
0 6 0 0 0 0 0 0 0 . . . 
4 0 0 0 0 6 8 2 0 . . . 
0 0 1 4 9 7 0 3 0 . . . 
1 0 0 0 0 0 0 0 0 0 8 0 
0 0 0 0 0 0 0 0 0 0 0 0 
0 2 0 0 0 0 0 0 0 0 0 3 
. . . 0 2 0 7 6 1 9 0 0 
. . . 0 7 4 3 0 0 0 0 5 
. . . 0 0 0 0 0 0 0 3 0 
. . . 0 0 6 0 0 0 0 5 0 
. . . 2 0 0 8 0 0 6 0 0 
. . . 5 9 0 0 4 0 0 0 0 

....7..62   
..5..8..1   
.3....4..   
.6.......   
4....682.   
..1497.3.   
1.........8.
............
.2.........3
   .2.7619..
   .743....5
   .......3.
   ..6....5.
   2..8..6..
   59..4....

144 total cells
40 filled cells [27%]
104 empty cells

# --------
# solution
# --------

819574362645238791732169458963825147457316829281497635198642573576983214324751986
642573189983214576751986423325761948174398265869452731436129857217835694598647312

8 1 9 5 7 4 3 6 2 . . . 
6 4 5 2 3 8 7 9 1 . . . 
7 3 2 1 6 9 4 5 8 . . . 
9 6 3 8 2 5 1 4 7 . . . 
4 5 7 3 1 6 8 2 9 . . . 
2 8 1 4 9 7 6 3 5 . . . 
1 9 8 6 4 2 5 7 3 1 8 9 
5 7 6 9 8 3 2 1 4 5 7 6 
3 2 4 7 5 1 9 8 6 4 2 3 
. . . 3 2 5 7 6 1 9 4 8 
. . . 1 7 4 3 9 8 2 6 5 
. . . 8 6 9 4 5 2 7 3 1 
. . . 4 3 6 1 2 9 8 5 7 
. . . 2 1 7 8 3 5 6 9 4 
. . . 5 9 8 6 4 7 3 1 2 

819574362   
645238791   
732169458   
963825147   
457316829   
281497635   
198642573189
576983214576
324751986423
   325761948
   174398265
   869452731
   436129857
   217835694
   598647312

144 total cells
144 filled cells [100%]
0 empty cells

