...3.6.84....579.2...4.1..5.8......3.26...7..4........8...1....9..2......5.7.....
.6...2.....4....9..9..5.362.1.79.2....781.6.3..56................................
......5.2.9...2..1....4.79.8.....9.53...7..2..27.6...3...79.......1.3......8.....
...8..................5...........856...8......1..6.......39......167............
............743......68.......9..6......3...954...........7..................9...
.....4......7.8.......91...7...1.94..4..7...19.2.....8.75.8....1..4...6.6.8......
................................13..8.9.731....4.95.8.396.2..7..8....4.....1...3.
.....2.8......8..6....9...4........1..5...42.7......9.6..8.7...8.394....27.3.1...

0 0 0 3 0 6 0 8 4 . . . 0 6 0 0 0 2 0 0 0 . . . 0 0 0 0 0 0 5 0 2 
0 0 0 0 5 7 9 0 2 . . . 0 0 4 0 0 0 0 9 0 . . . 0 9 0 0 0 2 0 0 1 
0 0 0 4 0 1 0 0 5 . . . 0 9 0 0 5 0 3 6 2 . . . 0 0 0 0 4 0 7 9 0 
0 8 0 0 0 0 0 0 3 . . . 0 1 0 7 9 0 2 0 0 . . . 8 0 0 0 0 0 9 0 5 
0 2 6 0 0 0 7 0 0 . . . 0 0 7 8 1 0 6 0 3 . . . 3 0 0 0 7 0 0 2 0 
4 0 0 0 0 0 0 0 0 . . . 0 0 5 6 0 0 0 0 0 . . . 0 2 7 0 6 0 0 0 3 
8 0 0 0 1 0 0 0 0 8 0 0 0 0 0 0 0 0 0 0 0 0 0 0 0 0 0 7 9 0 0 0 0 
9 0 0 2 0 0 0 0 0 0 0 0 0 0 0 0 0 0 0 0 0 7 4 3 0 0 0 1 0 3 0 0 0 
0 5 0 7 0 0 0 0 0 0 5 0 0 0 0 0 0 0 0 0 0 6 8 0 0 0 0 8 0 0 0 0 0 
. . . . . . 0 0 0 0 0 0 0 8 5 . . . 0 0 0 9 0 0 6 0 0 . . . . . . 
. . . . . . 6 0 0 0 8 0 0 0 0 . . . 0 0 0 0 3 0 0 0 9 . . . . . . 
. . . . . . 0 0 1 0 0 6 0 0 0 . . . 5 4 0 0 0 0 0 0 0 . . . . . . 
0 0 0 0 0 4 0 0 0 0 3 9 0 0 0 0 0 0 0 0 0 0 7 0 0 0 0 0 0 2 0 8 0 
0 0 0 7 0 8 0 0 0 1 6 7 0 0 0 0 0 0 0 0 0 0 0 0 0 0 0 0 0 8 0 0 6 
0 0 0 0 9 1 0 0 0 0 0 0 0 0 0 0 0 0 0 0 0 0 0 9 0 0 0 0 9 0 0 0 4 
7 0 0 0 1 0 9 4 0 . . . 0 0 0 0 0 1 3 0 0 . . . 0 0 0 0 0 0 0 0 1 
0 4 0 0 7 0 0 0 1 . . . 8 0 9 0 7 3 1 0 0 . . . 0 0 5 0 0 0 4 2 0 
9 0 2 0 0 0 0 0 8 . . . 0 0 4 0 9 5 0 8 0 . . . 7 0 0 0 0 0 0 9 0 
0 7 5 0 8 0 0 0 0 . . . 3 9 6 0 2 0 0 7 0 . . . 6 0 0 8 0 7 0 0 0 
1 0 0 4 0 0 0 6 0 . . . 0 8 0 0 0 0 4 0 0 . . . 8 0 3 9 4 0 0 0 0 
6 0 8 0 0 0 0 0 0 . . . 0 0 0 1 0 0 0 3 0 . . . 2 7 0 3 0 1 0 0 0 

...3.6.84   .6...2...   ......5.2
....579.2   ..4....9.   .9...2..1
...4.1..5   .9..5.362   ....4.79.
.8......3   .1.79.2..   8.....9.5
.26...7..   ..781.6.3   3...7..2.
4........   ..56.....   .27.6...3
8...1....8.................79....
9..2.................743...1.3...
.5.7......5..........68....8.....
      .......85   ...9..6..      
      6...8....   ....3...9      
      ..1..6...   54.......      
.....4....39..........7......2.8.
...7.8...167.................8..6
....91.................9....9...4
7...1.94.   .....13..   ........1
.4..7...1   8.9.731..   ..5...42.
9.2.....8   ..4.95.8.   7......9.
.75.8....   396.2..7.   6..8.7...
1..4...6.   .8....4..   8.394....
6.8......   ...1...3.   27.3.1...

576 total cells
158 filled cells [27%]
418 empty cells

# --------
# solution
# --------

795326184614857932238491675581679423326584791479132856842913567967245318153768249
368972541254136897791458362613795284927814653485623719132569478549387126876241935
634917582795682341182345796846231975319578624527469813263794158958123467471856239
567894132318672549249351876972413685634985721851726394185239467493167258726548913
478591263126743958935682471381927645762435819549816732813274596697358124254169387
297364185561728493384591726756813942843279651912645378475186239139452867628937514
467952813258314697913786254675841329829673145134295786396428571781539462542167938
596412783124738956387695214432579861965183427718264395641827539853946172279351648

7 9 5 3 2 6 1 8 4 . . . 3 6 8 9 7 2 5 4 1 . . . 6 3 4 9 1 7 5 8 2 
6 1 4 8 5 7 9 3 2 . . . 2 5 4 1 3 6 8 9 7 . . . 7 9 5 6 8 2 3 4 1 
2 3 8 4 9 1 6 7 5 . . . 7 9 1 4 5 8 3 6 2 . . . 1 8 2 3 4 5 7 9 6 
5 8 1 6 7 9 4 2 3 . . . 6 1 3 7 9 5 2 8 4 . . . 8 4 6 2 3 1 9 7 5 
3 2 6 5 8 4 7 9 1 . . . 9 2 7 8 1 4 6 5 3 . . . 3 1 9 5 7 8 6 2 4 
4 7 9 1 3 2 8 5 6 . . . 4 8 5 6 2 3 7 1 9 . . . 5 2 7 4 6 9 8 1 3 
8 4 2 9 1 3 5 6 7 8 9 4 1 3 2 5 6 9 4 7 8 5 9 1 2 6 3 7 9 4 1 5 8 
9 6 7 2 4 5 3 1 8 6 7 2 5 4 9 3 8 7 1 2 6 7 4 3 9 5 8 1 2 3 4 6 7 
1 5 3 7 6 8 2 4 9 3 5 1 8 7 6 2 4 1 9 3 5 6 8 2 4 7 1 8 5 6 2 3 9 
. . . . . . 9 7 2 4 1 3 6 8 5 . . . 3 8 1 9 2 7 6 4 5 . . . . . . 
. . . . . . 6 3 4 9 8 5 7 2 1 . . . 7 6 2 4 3 5 8 1 9 . . . . . . 
. . . . . . 8 5 1 7 2 6 3 9 4 . . . 5 4 9 8 1 6 7 3 2 . . . . . . 
2 9 7 3 6 4 1 8 5 2 3 9 4 6 7 9 5 2 8 1 3 2 7 4 5 9 6 4 1 2 7 8 3 
5 6 1 7 2 8 4 9 3 1 6 7 2 5 8 3 1 4 6 9 7 3 5 8 1 2 4 7 3 8 9 5 6 
3 8 4 5 9 1 7 2 6 5 4 8 9 1 3 7 8 6 2 5 4 1 6 9 3 8 7 6 9 5 2 1 4 
7 5 6 8 1 3 9 4 2 . . . 6 7 5 8 4 1 3 2 9 . . . 4 3 2 5 7 9 8 6 1 
8 4 3 2 7 9 6 5 1 . . . 8 2 9 6 7 3 1 4 5 . . . 9 6 5 1 8 3 4 2 7 
9 1 2 6 4 5 3 7 8 . . . 1 3 4 2 9 5 7 8 6 . . . 7 1 8 2 6 4 3 9 5 
4 7 5 1 8 6 2 3 9 . . . 3 9 6 4 2 8 5 7 1 . . . 6 4 1 8 2 7 5 3 9 
1 3 9 4 5 2 8 6 7 . . . 7 8 1 5 3 9 4 6 2 . . . 8 5 3 9 4 6 1 7 2 
6 2 8 9 3 7 5 1 4 . . . 5 4 2 1 6 7 9 3 8 . . . 2 7 9 3 5 1 6 4 8 

795326184   368972541   634917582
614857932   254136897   795682341
238491675   791458362   182345796
581679423   613795284   846231975
326584791   927814653   319578624
479132856   485623719   527469813
842913567894132569478591263794158
967245318672549387126743958123467
153768249351876241935682471856239
      972413685   381927645      
      634985721   762435819      
      851726394   549816732      
297364185239467952813274596412783
561728493167258314697358124738956
384591726548913786254169387695214
756813942   675841329   432579861
843279651   829673145   965183427
912645378   134295786   718264395
475186239   396428571   641827539
139452867   781539462   853946172
628937514   542167938   279351648

576 total cells
576 filled cells [100%]
0 empty cells

