.38.71.....5...9.12.....87..2..1.4.6...26.....9...4.2.3..72.............4....8...
.7.3...45.63.54.1..4..1...9.....2...5.48..9.....47..5........................5...
......35.......9.8.8..7..6..3...45..4.86.....62...841.....27...............58.6.7
.....3...............6........1.....4.12.7.9.3...9.57.....8..................6...
...1..................3.....65.8...7.8.3.46.2.....1........6...............5.....
6.8.31...............72.....521...73.....42.5..15...4..7..4..5.1.4.......35......
...9........................9..31.....3..47.1...8.....3...4..6..7.28.13.81...3.7.
...4....2.............83..5.1.2...3.....18...8.9.3..5..48.....61.7...9.....34.51.

0 3 8 0 7 1 0 0 0 . . . 0 7 0 3 0 0 0 4 5 . . . 0 0 0 0 0 0 3 5 0 
0 0 5 0 0 0 9 0 1 . . . 0 6 3 0 5 4 0 1 0 . . . 0 0 0 0 0 0 9 0 8 
2 0 0 0 0 0 8 7 0 . . . 0 4 0 0 1 0 0 0 9 . . . 0 8 0 0 7 0 0 6 0 
0 2 0 0 1 0 4 0 6 . . . 0 0 0 0 0 2 0 0 0 . . . 0 3 0 0 0 4 5 0 0 
0 0 0 2 6 0 0 0 0 . . . 5 0 4 8 0 0 9 0 0 . . . 4 0 8 6 0 0 0 0 0 
0 9 0 0 0 4 0 2 0 . . . 0 0 0 4 7 0 0 5 0 . . . 6 2 0 0 0 8 4 1 0 
3 0 0 7 2 0 0 0 0 0 0 3 0 0 0 0 0 0 0 0 0 1 0 0 0 0 0 0 2 7 0 0 0 
0 0 0 0 0 0 0 0 0 0 0 0 0 0 0 0 0 0 0 0 0 0 0 0 0 0 0 0 0 0 0 0 0 
4 0 0 0 0 8 0 0 0 6 0 0 0 0 0 0 0 5 0 0 0 0 3 0 0 0 0 5 8 0 6 0 7 
. . . . . . 0 0 0 1 0 0 0 0 0 . . . 0 6 5 0 8 0 0 0 7 . . . . . . 
. . . . . . 4 0 1 2 0 7 0 9 0 . . . 0 8 0 3 0 4 6 0 2 . . . . . . 
. . . . . . 3 0 0 0 9 0 5 7 0 . . . 0 0 0 0 0 1 0 0 0 . . . . . . 
6 0 8 0 3 1 0 0 0 0 8 0 0 0 0 9 0 0 0 0 0 0 0 6 0 0 0 4 0 0 0 0 2 
0 0 0 0 0 0 0 0 0 0 0 0 0 0 0 0 0 0 0 0 0 0 0 0 0 0 0 0 0 0 0 0 0 
0 0 0 7 2 0 0 0 0 0 0 6 0 0 0 0 0 0 0 0 0 5 0 0 0 0 0 0 8 3 0 0 5 
0 5 2 1 0 0 0 7 3 . . . 0 9 0 0 3 1 0 0 0 . . . 0 1 0 2 0 0 0 3 0 
0 0 0 0 0 4 2 0 5 . . . 0 0 3 0 0 4 7 0 1 . . . 0 0 0 0 1 8 0 0 0 
0 0 1 5 0 0 0 4 0 . . . 0 0 0 8 0 0 0 0 0 . . . 8 0 9 0 3 0 0 5 0 
0 7 0 0 4 0 0 5 0 . . . 3 0 0 0 4 0 0 6 0 . . . 0 4 8 0 0 0 0 0 6 
1 0 4 0 0 0 0 0 0 . . . 0 7 0 2 8 0 1 3 0 . . . 1 0 7 0 0 0 9 0 0 
0 3 5 0 0 0 0 0 0 . . . 8 1 0 0 0 3 0 7 0 . . . 0 0 0 3 4 0 5 1 0 

.38.71...   .7.3...45   ......35.
..5...9.1   .63.54.1.   ......9.8
2.....87.   .4..1...9   .8..7..6.
.2..1.4.6   .....2...   .3...45..
...26....   5.48..9..   4.86.....
.9...4.2.   ...47..5.   62...841.
3..72......3.........1......27...
.................................
4....8...6.......5....3....58.6.7
      ...1.....   .65.8...7      
      4.12.7.9.   .8.3.46.2      
      3...9.57.   .....1...      
6.8.31....8....9.......6...4....2
.................................
...72......6.........5......83..5
.521...73   .9..31...   .1.2...3.
.....42.5   ..3..47.1   ....18...
..15...4.   ...8.....   8.9.3..5.
.7..4..5.   3...4..6.   .48.....6
1.4......   .7.28.13.   1.7...9..
.35......   81...3.7.   ...34.51.

576 total cells
166 filled cells [28%]
410 empty cells

# --------
# solution
# --------

938471562745682931216395874527913486184267359693854127351729648879546213462138795
971328645863954217245617389187592463534861972692473851729186534456739128318245796
742869351356142978981375264137294586498651723625738419869427135573916842214583697
648513729213978456795642318879135642451267893362894571527389164936451287184726935
534127869128469573796835214365982147981374652472651398253746981649218735817593426
648931527217485936593726184452198673789364215361572849876249351124653798935817462
164978253287315649935426817698731524523694781741852396352147968476289135819563472
981475362735621489426983175514296837273518694869734251348159726157862943692347518

9 3 8 4 7 1 5 6 2 . . . 9 7 1 3 2 8 6 4 5 . . . 7 4 2 8 6 9 3 5 1 
7 4 5 6 8 2 9 3 1 . . . 8 6 3 9 5 4 2 1 7 . . . 3 5 6 1 4 2 9 7 8 
2 1 6 3 9 5 8 7 4 . . . 2 4 5 6 1 7 3 8 9 . . . 9 8 1 3 7 5 2 6 4 
5 2 7 9 1 3 4 8 6 . . . 1 8 7 5 9 2 4 6 3 . . . 1 3 7 2 9 4 5 8 6 
1 8 4 2 6 7 3 5 9 . . . 5 3 4 8 6 1 9 7 2 . . . 4 9 8 6 5 1 7 2 3 
6 9 3 8 5 4 1 2 7 . . . 6 9 2 4 7 3 8 5 1 . . . 6 2 5 7 3 8 4 1 9 
3 5 1 7 2 9 6 4 8 5 1 3 7 2 9 1 8 6 5 3 4 1 2 7 8 6 9 4 2 7 1 3 5 
8 7 9 5 4 6 2 1 3 9 7 8 4 5 6 7 3 9 1 2 8 4 6 9 5 7 3 9 1 6 8 4 2 
4 6 2 1 3 8 7 9 5 6 4 2 3 1 8 2 4 5 7 9 6 8 3 5 2 1 4 5 8 3 6 9 7 
. . . . . . 8 7 9 1 3 5 6 4 2 . . . 3 6 5 9 8 2 1 4 7 . . . . . . 
. . . . . . 4 5 1 2 6 7 8 9 3 . . . 9 8 1 3 7 4 6 5 2 . . . . . . 
. . . . . . 3 6 2 8 9 4 5 7 1 . . . 4 7 2 6 5 1 3 9 8 . . . . . . 
6 4 8 9 3 1 5 2 7 3 8 9 1 6 4 9 7 8 2 5 3 7 4 6 9 8 1 4 7 5 3 6 2 
2 1 7 4 8 5 9 3 6 4 5 1 2 8 7 3 1 5 6 4 9 2 1 8 7 3 5 6 2 1 4 8 9 
5 9 3 7 2 6 1 8 4 7 2 6 9 3 5 4 2 6 8 1 7 5 9 3 4 2 6 9 8 3 1 7 5 
4 5 2 1 9 8 6 7 3 . . . 6 9 8 7 3 1 5 2 4 . . . 5 1 4 2 9 6 8 3 7 
7 8 9 3 6 4 2 1 5 . . . 5 2 3 6 9 4 7 8 1 . . . 2 7 3 5 1 8 6 9 4 
3 6 1 5 7 2 8 4 9 . . . 7 4 1 8 5 2 3 9 6 . . . 8 6 9 7 3 4 2 5 1 
8 7 6 2 4 9 3 5 1 . . . 3 5 2 1 4 7 9 6 8 . . . 3 4 8 1 5 9 7 2 6 
1 2 4 6 5 3 7 9 8 . . . 4 7 6 2 8 9 1 3 5 . . . 1 5 7 8 6 2 9 4 3 
9 3 5 8 1 7 4 6 2 . . . 8 1 9 5 6 3 4 7 2 . . . 6 9 2 3 4 7 5 1 8 

938471562   971328645   742869351
745682931   863954217   356142978
216395874   245617389   981375264
527913486   187592463   137294586
184267359   534861972   498651723
693854127   692473851   625738419
351729648513729186534127869427135
879546213978456739128469573916842
462138795642318245796835214583697
      879135642   365982147      
      451267893   981374652      
      362894571   472651398      
648931527389164978253746981475362
217485936451287315649218735621489
593726184726935426817593426983175
452198673   698731524   514296837
789364215   523694781   273518694
361572849   741852396   869734251
876249351   352147968   348159726
124653798   476289135   157862943
935817462   819563472   692347518

576 total cells
576 filled cells [100%]
0 empty cells

