2..1.3...1.....27..4..57.....8..1..24..395....6......5...6......2................
...4......8..3.1...1.....266...8.....2...37.5..712.9.....3...................7...
78.....41..1.49.7.2......8..1.2.....8.49......6.437......5..21.......5.6....9.8..
....4.........6...............6.1.28....7....5.29........58........6.......7.9...
...8.2.......4........36........47.1....5....15.6.7...............5.........6....
..7.8....5.6.......12..6......937.4......29.3.....4.2..6......2.5.46.1..19.....84
...4...................9.....1.629..6.38...1.....1...835.....4...9.2..5......5...
................7......3...3......4....862..96..4..8.....51..2..58.....4...6.9..5

2 0 0 1 0 3 0 0 0 . . . 0 0 0 4 0 0 0 0 0 . . . 7 8 0 0 0 0 0 4 1 
1 0 0 0 0 0 2 7 0 . . . 0 8 0 0 3 0 1 0 0 . . . 0 0 1 0 4 9 0 7 0 
0 4 0 0 5 7 0 0 0 . . . 0 1 0 0 0 0 0 2 6 . . . 2 0 0 0 0 0 0 8 0 
0 0 8 0 0 1 0 0 2 . . . 6 0 0 0 8 0 0 0 0 . . . 0 1 0 2 0 0 0 0 0 
4 0 0 3 9 5 0 0 0 . . . 0 2 0 0 0 3 7 0 5 . . . 8 0 4 9 0 0 0 0 0 
0 6 0 0 0 0 0 0 5 . . . 0 0 7 1 2 0 9 0 0 . . . 0 6 0 4 3 7 0 0 0 
0 0 0 6 0 0 0 0 0 0 4 0 0 0 0 3 0 0 0 0 0 8 0 2 0 0 0 5 0 0 2 1 0 
0 2 0 0 0 0 0 0 0 0 0 6 0 0 0 0 0 0 0 0 0 0 4 0 0 0 0 0 0 0 5 0 6 
0 0 0 0 0 0 0 0 0 0 0 0 0 0 0 0 0 7 0 0 0 0 3 6 0 0 0 0 9 0 8 0 0 
. . . . . . 0 0 0 6 0 1 0 2 8 . . . 0 0 0 0 0 4 7 0 1 . . . . . . 
. . . . . . 0 0 0 0 7 0 0 0 0 . . . 0 0 0 0 5 0 0 0 0 . . . . . . 
. . . . . . 5 0 2 9 0 0 0 0 0 . . . 1 5 0 6 0 7 0 0 0 . . . . . . 
0 0 7 0 8 0 0 0 0 5 8 0 0 0 0 4 0 0 0 0 0 0 0 0 0 0 0 0 0 0 0 0 0 
5 0 6 0 0 0 0 0 0 0 6 0 0 0 0 0 0 0 0 0 0 5 0 0 0 0 0 0 0 0 0 7 0 
0 1 2 0 0 6 0 0 0 7 0 9 0 0 0 0 0 9 0 0 0 0 6 0 0 0 0 0 0 3 0 0 0 
0 0 0 9 3 7 0 4 0 . . . 0 0 1 0 6 2 9 0 0 . . . 3 0 0 0 0 0 0 4 0 
0 0 0 0 0 2 9 0 3 . . . 6 0 3 8 0 0 0 1 0 . . . 0 0 0 8 6 2 0 0 9 
0 0 0 0 0 4 0 2 0 . . . 0 0 0 0 1 0 0 0 8 . . . 6 0 0 4 0 0 8 0 0 
0 6 0 0 0 0 0 0 2 . . . 3 5 0 0 0 0 0 4 0 . . . 0 0 0 5 1 0 0 2 0 
0 5 0 4 6 0 1 0 0 . . . 0 0 9 0 2 0 0 5 0 . . . 0 5 8 0 0 0 0 0 4 
1 9 0 0 0 0 0 8 4 . . . 0 0 0 0 0 5 0 0 0 . . . 0 0 0 6 0 9 0 0 5 

2..1.3...   ...4.....   78.....41
1.....27.   .8..3.1..   ..1.49.7.
.4..57...   .1.....26   2......8.
..8..1..2   6...8....   .1.2.....
4..395...   .2...37.5   8.49.....
.6......5   ..712.9..   .6.437...
...6......4....3.....8.2...5..21.
.2.........6..........4.......5.6
.................7....36....9.8..
      ...6.1.28   .....47.1      
      ....7....   ....5....      
      5.29.....   15.6.7...      
..7.8....58....4.................
5.6.......6..........5.........7.
.12..6...7.9.....9....6......3...
...937.4.   ..1.629..   3......4.
.....29.3   6.38...1.   ...862..9
.....4.2.   ....1...8   6..4..8..
.6......2   35.....4.   ...51..2.
.5.46.1..   ..9.2..5.   .58.....4
19.....84   .....5...   ...6.9..5

576 total cells
160 filled cells [27%]
416 empty cells

# --------
# solution
# --------

297183546135946278846257139578461392412395867369872415951624783623718954784539621
762451398984632157315879426639785241128943765457126983296318574871594632543267819
789652341531849672246713985317285469854961723962437158693578214178324596425196837
783145296954326871621897543349651728168472359572938614216584937497263185835719462
574812693632945178819736425926384751347159286158627349261498537493571862785263914
347589216586321497912746835621937548475812963839654721764198352258463179193275684
937458261185276493462139785871562934623894517594713628356987142749321856218645379
537186492862954371914273658385791246741862539629435817496518723158327964273649185

2 9 7 1 8 3 5 4 6 . . . 7 6 2 4 5 1 3 9 8 . . . 7 8 9 6 5 2 3 4 1 
1 3 5 9 4 6 2 7 8 . . . 9 8 4 6 3 2 1 5 7 . . . 5 3 1 8 4 9 6 7 2 
8 4 6 2 5 7 1 3 9 . . . 3 1 5 8 7 9 4 2 6 . . . 2 4 6 7 1 3 9 8 5 
5 7 8 4 6 1 3 9 2 . . . 6 3 9 7 8 5 2 4 1 . . . 3 1 7 2 8 5 4 6 9 
4 1 2 3 9 5 8 6 7 . . . 1 2 8 9 4 3 7 6 5 . . . 8 5 4 9 6 1 7 2 3 
3 6 9 8 7 2 4 1 5 . . . 4 5 7 1 2 6 9 8 3 . . . 9 6 2 4 3 7 1 5 8 
9 5 1 6 2 4 7 8 3 1 4 5 2 9 6 3 1 8 5 7 4 8 1 2 6 9 3 5 7 8 2 1 4 
6 2 3 7 1 8 9 5 4 3 2 6 8 7 1 5 9 4 6 3 2 9 4 5 1 7 8 3 2 4 5 9 6 
7 8 4 5 3 9 6 2 1 8 9 7 5 4 3 2 6 7 8 1 9 7 3 6 4 2 5 1 9 6 8 3 7 
. . . . . . 3 4 9 6 5 1 7 2 8 . . . 9 2 6 3 8 4 7 5 1 . . . . . . 
. . . . . . 1 6 8 4 7 2 3 5 9 . . . 3 4 7 1 5 9 2 8 6 . . . . . . 
. . . . . . 5 7 2 9 3 8 6 1 4 . . . 1 5 8 6 2 7 3 4 9 . . . . . . 
3 4 7 5 8 9 2 1 6 5 8 4 9 3 7 4 5 8 2 6 1 4 9 8 5 3 7 1 8 6 4 9 2 
5 8 6 3 2 1 4 9 7 2 6 3 1 8 5 2 7 6 4 9 3 5 7 1 8 6 2 9 5 4 3 7 1 
9 1 2 7 4 6 8 3 5 7 1 9 4 6 2 1 3 9 7 8 5 2 6 3 9 1 4 2 7 3 6 5 8 
6 2 1 9 3 7 5 4 8 . . . 8 7 1 5 6 2 9 3 4 . . . 3 8 5 7 9 1 2 4 6 
4 7 5 8 1 2 9 6 3 . . . 6 2 3 8 9 4 5 1 7 . . . 7 4 1 8 6 2 5 3 9 
8 3 9 6 5 4 7 2 1 . . . 5 9 4 7 1 3 6 2 8 . . . 6 2 9 4 3 5 8 1 7 
7 6 4 1 9 8 3 5 2 . . . 3 5 6 9 8 7 1 4 2 . . . 4 9 6 5 1 8 7 2 3 
2 5 8 4 6 3 1 7 9 . . . 7 4 9 3 2 1 8 5 6 . . . 1 5 8 3 2 7 9 6 4 
1 9 3 2 7 5 6 8 4 . . . 2 1 8 6 4 5 3 7 9 . . . 2 7 3 6 4 9 1 8 5 

297183546   762451398   789652341
135946278   984632157   531849672
846257139   315879426   246713985
578461392   639785241   317285469
412395867   128943765   854961723
369872415   457126983   962437158
951624783145296318574812693578214
623718954326871594632945178324596
784539621897543267819736425196837
      349651728   926384751      
      168472359   347159286      
      572938614   158627349      
347589216584937458261498537186492
586321497263185276493571862954371
912746835719462139785263914273658
621937548   871562934   385791246
475812963   623894517   741862539
839654721   594713628   629435817
764198352   356987142   496518723
258463179   749321856   158327964
193275684   218645379   273649185

576 total cells
576 filled cells [100%]
0 empty cells

