..19.54...6.....93....7.8..8....7..573...2..8.46.8327.19.......6..5.......4......
.8..7....4.2.5...33..8....12....47...142.....9...1..4......9........8........6...
.91.....22.7....1.4.....9....42.6.95.....73.89.5..8.......41.......75......3.....
912.5.......1.......836.9..3.6..215.....4...6..9....3......1.......84.......3....
.92.74.....863..4.6..5....7.4......1...2..8.....498..6...1..7.2...3...9.....62.1.
....9.......5.................42.9.3...3.1...2...6........5.........3............
....5........7.............57...9.6..19.64......73.......2........5..............
.....1...............85..........3..3.1624...5.6..........8........3.........5...
...7...........................97.6...68.4..1.7..1.........2.................8...
....5.......6.4.....49........1..96.2.6.3..78.98......9.37.8...5........8..4.....
...4........................2..6..9.6..1.4....43..8........6.......42......93....
............................2.3..8.......8..9....69.7....4..........1......5.....
....6.......9.7......5.....4...3...228...5....9647..................1............
...2.481.....3...4....8..3.....2.4.....1...89456..3........7......9...........15.
.....................5.....4...3...7..2.1.49...8.4........52................63...
.....4.......5..............9..45.2...87.2.....4.8.97............................
..............4......27........6.......4.7.8.....81..5...6........7.9............
.....7.......62.......3.....972........74..98....19.................1............
8..43.....7.6.......6.1.......24178.......69....7....474.3.6...5.........21..4...
....2.........4......6.........49.1......8......2..3.9............3..............
...5........9.................1.8.72.........58.6.2.................9........4...
..............6............5.7..4......9......1.23.........3......5.........2....
...6..28.........6...9.7.147....9....81.......32876.......9.4.......4.5.....12..3
............3.................58....81..42........624.....7.......49.......2.....
............1.5........2...8..51.....6.4.7.......8........54......3..............
............................15.7.4.....3.28...7.48..5..............9.......2.....
...68................23........9.8...76.5.9..3...2...5.....2.....................
.65...........2......9........6..27824...5.....8.3.....5..8....6...2.....841.7...
............8..................7391....6...424...8...7.....1......9.8.......5....
.....2......8..........4....4.62....8..9.......2..7.3............................
....35......27.......9........4..35....3.9..2.7..8..6........................3...
.....1..7........3...4.82.1......57.15..7.4.6.42..6........97.....8.4.......3....
...2.................4.........4..7.7..1.53...8.67...........................3...
...1.........2........7..........8.5...7849.6..2..........62...............5.....
..............1........6.......62......15.74..6.7...23.............8........1....
............9.........3........6...9...7.9...9.5.48.................1.......7....
.8.92.....7...8...6.3..7...7..219.....5..6...4......9.8....2..5.2..534.....79.82.
....6.......89.......2......2....1..9...1.....819..5.6..6.897.......1.......7.492
.....2......69.......37.......4..1.99.85.....45.7.98....4.....2.6....3.11.....48.
...9........1........7......9..4...1.....164...25....39....2..53...7.8.6....1..3.
......3.......5..1.......29.1862.74.7..5...182..1....3..2.5....94.....3...52.39..

0 0 1 9 0 5 4 0 0 X X X 0 8 0 0 7 0 0 0 0 X X X 0 9 1 0 0 0 0 0 2 X X X 9 1 2 0 5 0 0 0 0 X X X 0 9 2 0 7 4 0 0 0 
0 6 0 0 0 0 0 9 3 X X X 4 0 2 0 5 0 0 0 3 X X X 2 0 7 0 0 0 0 1 0 X X X 0 0 0 1 0 0 0 0 0 X X X 0 0 8 6 3 0 0 4 0 
0 0 0 0 7 0 8 0 0 X X X 3 0 0 8 0 0 0 0 1 X X X 4 0 0 0 0 0 9 0 0 X X X 0 0 8 3 6 0 9 0 0 X X X 6 0 0 5 0 0 0 0 7 
8 0 0 0 0 7 0 0 5 X X X 2 0 0 0 0 4 7 0 0 X X X 0 0 4 2 0 6 0 9 5 X X X 3 0 6 0 0 2 1 5 0 X X X 0 4 0 0 0 0 0 0 1 
7 3 0 0 0 2 0 0 8 X X X 0 1 4 2 0 0 0 0 0 X X X 0 0 0 0 0 7 3 0 8 X X X 0 0 0 0 4 0 0 0 6 X X X 0 0 0 2 0 0 8 0 0 
0 4 6 0 8 3 2 7 0 X X X 9 0 0 0 1 0 0 4 0 X X X 9 0 5 0 0 8 0 0 0 X X X 0 0 9 0 0 0 0 3 0 X X X 0 0 0 4 9 8 0 0 6 
1 9 0 0 0 0 0 0 0 0 9 0 0 0 0 0 0 9 0 0 0 0 5 0 0 0 0 0 4 1 0 0 0 0 0 1 0 0 0 0 0 1 0 0 0 7 0 0 0 0 0 1 0 0 7 0 2 
6 0 0 5 0 0 0 0 0 5 0 0 0 0 0 0 0 8 0 0 0 0 7 0 0 0 0 0 7 5 0 0 0 0 0 0 0 0 0 0 8 4 0 0 0 0 0 0 0 0 0 3 0 0 0 9 0 
0 0 4 0 0 0 0 0 0 0 0 0 0 0 0 0 0 6 0 0 0 0 0 0 0 0 0 3 0 0 0 0 0 8 5 0 0 0 0 0 3 0 0 0 0 0 0 0 0 0 0 0 6 2 0 1 0 
X X X X X X 0 0 0 4 2 0 9 0 3 X X X 5 7 0 0 0 9 0 6 0 X X X 0 0 0 0 0 0 3 0 0 X X X 0 0 0 0 9 7 0 6 0 X X X X X X 
X X X X X X 0 0 0 3 0 1 0 0 0 X X X 0 1 9 0 6 4 0 0 0 X X X 3 0 1 6 2 4 0 0 0 X X X 0 0 6 8 0 4 0 0 1 X X X X X X 
X X X X X X 2 0 0 0 6 0 0 0 0 X X X 0 0 0 7 3 0 0 0 0 X X X 5 0 6 0 0 0 0 0 0 X X X 0 7 0 0 1 0 0 0 0 X X X X X X 
0 0 0 0 5 0 0 0 0 0 5 0 0 0 0 4 0 0 0 0 0 2 0 0 0 0 0 0 0 0 0 0 0 0 8 0 0 0 0 0 6 0 0 0 0 0 0 2 0 0 0 2 0 4 8 1 0 
0 0 0 6 0 4 0 0 0 0 0 3 0 0 0 0 0 0 0 0 0 5 0 0 0 0 0 0 0 0 0 0 0 0 3 0 0 0 0 9 0 7 0 0 0 0 0 0 0 0 0 0 3 0 0 0 4 
0 0 4 9 0 0 0 0 0 0 0 0 0 0 0 0 0 0 0 0 0 0 0 0 0 0 0 0 0 0 0 0 0 0 0 5 0 0 0 5 0 0 0 0 0 0 0 8 0 0 0 0 8 0 0 3 0 
0 0 0 1 0 0 9 6 0 X X X 0 2 0 0 6 0 0 9 0 X X X 0 2 0 3 0 0 8 0 0 X X X 4 0 0 0 3 0 0 0 2 X X X 0 0 0 0 2 0 4 0 0 
2 0 6 0 3 0 0 7 8 X X X 6 0 0 1 0 4 0 0 0 X X X 0 0 0 0 0 8 0 0 9 X X X 2 8 0 0 0 5 0 0 0 X X X 0 0 0 1 0 0 0 8 9 
0 9 8 0 0 0 0 0 0 X X X 0 4 3 0 0 8 0 0 0 X X X 0 0 0 0 6 9 0 7 0 X X X 0 9 6 4 7 0 0 0 0 X X X 4 5 6 0 0 3 0 0 0 
9 0 3 7 0 8 0 0 0 0 0 0 0 0 0 0 0 6 0 0 0 0 0 4 0 0 0 4 0 0 0 0 0 0 0 0 0 0 0 0 0 0 0 0 0 0 0 7 0 0 0 0 0 7 0 0 0 
5 0 0 0 0 0 0 0 0 0 0 0 0 0 0 0 4 2 0 0 0 0 5 0 0 0 0 0 0 1 0 0 0 0 0 4 0 0 0 0 0 1 0 0 0 0 6 2 0 0 0 9 0 0 0 0 0 
8 0 0 4 0 0 0 0 0 5 0 0 0 0 0 9 3 0 0 0 0 0 0 0 0 0 0 5 0 0 0 0 0 2 7 0 0 0 0 0 0 0 0 0 0 0 3 0 0 0 0 0 0 0 1 5 0 
X X X X X X 4 0 0 0 3 0 0 0 7 X X X 0 9 0 0 4 5 0 2 0 X X X 0 0 0 0 6 0 0 0 0 X X X 0 9 7 2 0 0 0 0 0 X X X X X X 
X X X X X X 0 0 2 0 1 0 4 9 0 X X X 0 0 8 7 0 2 0 0 0 X X X 0 0 0 4 0 7 0 8 0 X X X 0 0 0 7 4 0 0 9 8 X X X X X X 
X X X X X X 0 0 8 0 4 0 0 0 0 X X X 0 0 4 0 8 0 9 7 0 X X X 0 0 0 0 8 1 0 0 5 X X X 0 0 0 0 1 9 0 0 0 X X X X X X 
8 0 0 4 3 0 0 0 0 0 5 2 0 0 0 0 2 0 0 0 0 0 0 0 0 0 0 5 0 0 0 0 0 6 0 0 0 0 0 0 0 0 0 0 0 0 0 0 0 0 0 6 0 0 2 8 0 
0 7 0 6 0 0 0 0 0 0 0 0 0 0 0 0 0 4 0 0 0 0 0 0 0 0 0 9 0 0 0 0 0 7 0 9 0 0 0 0 0 6 0 0 0 0 0 1 0 0 0 0 0 0 0 0 6 
0 0 6 0 1 0 0 0 0 0 6 3 0 0 0 6 0 0 0 0 0 0 0 0 0 0 0 0 0 0 0 0 0 0 0 0 0 0 0 0 0 0 0 0 0 0 0 0 0 0 0 9 0 7 0 1 4 
0 0 0 2 4 1 7 8 0 X X X 0 0 0 0 4 9 0 1 0 X X X 0 0 0 1 0 8 0 7 2 X X X 5 0 7 0 0 4 0 0 0 X X X 7 0 0 0 0 9 0 0 0 
0 0 0 0 0 0 6 9 0 X X X 0 0 0 0 0 8 0 0 0 X X X 0 0 0 0 0 0 0 0 0 X X X 0 0 0 9 0 0 0 0 0 X X X 0 8 1 0 0 0 0 0 0 
0 0 0 7 0 0 0 0 4 X X X 0 0 0 2 0 0 3 0 9 X X X 5 8 0 6 0 2 0 0 0 X X X 0 1 0 2 3 0 0 0 0 X X X 0 3 2 8 7 6 0 0 0 
7 4 0 3 0 6 0 0 0 0 0 0 0 0 0 0 0 0 0 0 0 0 0 0 0 0 0 0 0 0 0 0 0 0 0 0 0 0 0 0 0 3 0 0 0 6 8 0 0 0 0 0 9 0 4 0 0 
5 0 0 0 0 0 0 0 0 3 0 0 0 0 0 3 0 0 0 0 0 1 0 5 0 0 0 0 0 9 0 0 0 0 0 0 0 0 0 5 0 0 0 0 0 0 0 0 0 0 0 0 0 4 0 5 0 
0 2 1 0 0 4 0 0 0 0 0 0 0 0 0 0 0 0 0 0 0 0 0 2 0 0 0 0 0 4 0 0 0 0 0 0 0 0 0 0 2 0 0 0 0 2 3 0 0 0 0 0 1 2 0 0 3 
X X X X X X 0 0 0 5 8 0 0 0 0 X X X 8 0 0 5 1 0 0 0 0 X X X 0 1 5 0 7 0 4 0 0 X X X 0 0 0 0 9 0 8 0 0 X X X X X X 
X X X X X X 8 1 0 0 4 2 0 0 0 X X X 0 6 0 4 0 7 0 0 0 X X X 0 0 0 3 0 2 8 0 0 X X X 0 7 6 0 5 0 9 0 0 X X X X X X 
X X X X X X 0 0 0 0 0 6 2 4 0 X X X 0 0 0 0 8 0 0 0 0 X X X 0 7 0 4 8 0 0 5 0 X X X 3 0 0 0 2 0 0 0 5 X X X X X X 
0 6 5 0 0 0 0 0 0 0 7 0 0 0 0 0 0 0 0 0 0 0 5 4 0 0 0 0 0 2 0 0 0 0 0 0 0 0 0 0 3 5 0 0 0 0 0 2 0 0 0 0 0 1 0 0 7 
0 0 0 0 0 2 0 0 0 4 9 0 0 0 0 8 0 0 0 0 0 3 0 0 0 0 0 8 0 0 0 0 0 0 9 0 0 0 0 2 7 0 0 0 0 0 0 0 0 0 0 0 0 0 0 0 3 
0 0 0 9 0 0 0 0 0 2 0 0 0 0 0 0 0 0 0 0 0 0 0 0 0 0 0 0 0 4 0 0 0 2 0 0 0 0 0 9 0 0 0 0 0 0 0 0 0 0 0 4 0 8 2 0 1 
0 0 0 6 0 0 2 7 8 X X X 0 0 0 0 7 3 9 1 0 X X X 0 4 0 6 2 0 0 0 0 X X X 0 0 0 4 0 0 3 5 0 X X X 0 0 0 0 0 0 5 7 0 
2 4 0 0 0 5 0 0 0 X X X 0 0 0 6 0 0 0 4 2 X X X 8 0 0 9 0 0 0 0 0 X X X 0 0 0 3 0 9 0 0 2 X X X 1 5 0 0 7 0 4 0 6 
0 0 8 0 3 0 0 0 0 X X X 4 0 0 0 8 0 0 0 7 X X X 0 0 2 0 0 7 0 3 0 X X X 0 7 0 0 8 0 0 6 0 X X X 0 4 2 0 0 6 0 0 0 
0 5 0 0 8 0 0 0 0 2 0 0 0 0 0 0 0 1 0 0 0 1 0 0 0 0 0 0 0 0 0 0 0 0 0 0 0 0 0 0 0 0 0 0 0 0 0 0 0 0 0 0 0 9 7 0 0 
6 0 0 0 2 0 0 0 0 0 0 0 0 0 0 9 0 8 0 0 0 0 2 0 0 0 0 0 0 0 0 0 0 0 0 1 0 0 0 0 0 0 0 0 0 9 0 0 0 0 0 8 0 4 0 0 0 
0 8 4 1 0 7 0 0 0 4 0 0 0 0 0 0 5 0 0 0 0 0 7 0 0 0 0 0 0 0 0 0 0 0 0 6 0 0 0 0 0 3 0 0 0 0 3 0 0 0 0 0 3 0 0 0 0 
X X X X X X 0 0 0 0 4 0 0 7 0 X X X 0 0 0 0 0 0 8 0 5 X X X 0 0 0 0 6 2 0 0 0 X X X 0 0 0 0 6 0 0 0 9 X X X X X X 
X X X X X X 7 0 0 1 0 5 3 0 0 X X X 0 0 0 7 8 4 9 0 6 X X X 0 0 0 1 5 0 7 4 0 X X X 0 0 0 7 0 9 0 0 0 X X X X X X 
X X X X X X 0 8 0 6 7 0 0 0 0 X X X 0 0 2 0 0 0 0 0 0 X X X 0 6 0 7 0 0 0 2 3 X X X 9 0 5 0 4 8 0 0 0 X X X X X X 
0 8 0 9 2 0 0 0 0 0 0 0 0 0 0 0 6 0 0 0 0 0 6 2 0 0 0 0 0 2 0 0 0 0 0 0 0 0 0 9 0 0 0 0 0 0 0 0 0 0 0 0 0 0 3 0 0 
0 7 0 0 0 8 0 0 0 0 0 0 0 0 0 8 9 0 0 0 0 0 0 0 0 0 0 6 9 0 0 0 0 0 8 0 0 0 0 1 0 0 0 0 0 0 0 1 0 0 0 0 0 5 0 0 1 
6 0 3 0 0 7 0 0 0 0 0 3 0 0 0 2 0 0 0 0 0 5 0 0 0 0 0 3 7 0 0 0 0 0 1 0 0 0 0 7 0 0 0 0 0 0 7 0 0 0 0 0 0 0 0 2 9 
7 0 0 2 1 9 0 0 0 X X X 0 2 0 0 0 0 1 0 0 X X X 0 0 0 4 0 0 1 0 9 X X X 0 9 0 0 4 0 0 0 1 X X X 0 1 8 6 2 0 7 4 0 
0 0 5 0 0 6 0 0 0 X X X 9 0 0 0 1 0 0 0 0 X X X 9 0 8 5 0 0 0 0 0 X X X 0 0 0 0 0 1 6 4 0 X X X 7 0 0 5 0 0 0 1 8 
4 0 0 0 0 0 0 9 0 X X X 0 8 1 9 0 0 5 0 6 X X X 4 5 0 7 0 9 8 0 0 X X X 0 0 2 5 0 0 0 0 3 X X X 2 0 0 1 0 0 0 0 3 
8 0 0 0 0 2 0 0 5 X X X 0 0 6 0 8 9 7 0 0 X X X 0 0 4 0 0 0 0 0 2 X X X 9 0 0 0 0 2 0 0 5 X X X 0 0 2 0 5 0 0 0 0 
0 2 0 0 5 3 4 0 0 X X X 0 0 0 0 0 1 0 0 0 X X X 0 6 0 0 0 0 3 0 1 X X X 3 0 0 0 7 0 8 0 6 X X X 9 4 0 0 0 0 0 3 0 
0 0 0 7 9 0 8 2 0 X X X 0 0 0 0 7 0 4 9 2 X X X 1 0 0 0 0 0 4 8 0 X X X 0 0 0 0 1 0 0 3 0 X X X 0 0 5 2 0 3 9 0 0 

..19.54..   .8..7....   .91.....2   912.5....   .92.74...
.6.....93   4.2.5...3   2.7....1.   ...1.....   ..863..4.
....7.8..   3..8....1   4.....9..   ..836.9..   6..5....7
8....7..5   2....47..   ..42.6.95   3.6..215.   .4......1
73...2..8   .142.....   .....73.8   ....4...6   ...2..8..
.46.8327.   9...1..4.   9.5..8...   ..9....3.   ...498..6
19........9......9....5.....41.....1.....1...7.....1..7.2
6..5.....5.......8....7.....75..........84.........3...9.
..4..............6.........3.....85.....3...........62.1.
      ...42.9.3   57...9.6.   ......3..   ....97.6.      
      ...3.1...   .19.64...   3.1624...   ..68.4..1      
      2...6....   ...73....   5.6......   .7..1....      
....5.....5....4.....2............8.....6......2...2.481.
...6.4.....3.........5............3....9.7..........3...4
..49...............................5...5.......8....8..3.
...1..96.   .2..6..9.   .2.3..8..   4...3...2   ....2.4..
2.6.3..78   6..1.4...   .....8..9   28...5...   ...1...89
.98......   .43..8...   ....69.7.   .9647....   456..3...
9.37.8...........6.....4...4...................7.....7...
5...............42....5......1.....4.....1....62...9.....
8..4.....5.....93..........5.....27...........3.......15.
      4...3...7   .9..45.2.   ....6....   .972.....      
      ..2.1.49.   ..87.2...   ...4.7.8.   ...74..98      
      ..8.4....   ..4.8.97.   ....81..5   ....19...      
8..43.....52....2..........5.....6.................6..28.
.7.6.............4.........9.....7.9.....6.....1........6
..6.1.....63...6...................................9.7.14
...24178.   ....49.1.   ...1.8.72   5.7..4...   7....9...
......69.   .....8...   .........   ...9.....   .81......
...7....4   ...2..3.9   58.6.2...   .1.23....   .32876...
74.3.6...................................3...68.....9.4..
5........3.....3.....1.5.....9.........5.............4.5.
.21..4.................2.....4..........2....23.....12..3
      ...58....   8..51....   .15.7.4..   ....9.8..      
      81..42...   .6.4.7...   ...3.28..   .76.5.9..      
      .....624.   ....8....   .7.48..5.   3...2...5      
.65.......7...........54.....2..........35.....2.....1..7
.....2...49....8.....3.....8......9....27...............3
...9.....2...................4...2.....9...........4.82.1
...6..278   ....7391.   .4.62....   ...4..35.   ......57.
24...5...   ...6...42   8..9.....   ...3.9..2   15..7.4.6
..8.3....   4...8...7   ..2..7.3.   .7..8..6.   .42..6...
.5..8....2.......1...1...............................97..
6...2..........9.8....2............1.........9.....8.4...
.841.7...4......5.....7............6.....3....3.....3....
      ....4..7.   ......8.5   ....62...   ....6...9      
      7..1.53..   ...7849.6   ...15.74.   ...7.9...      
      .8.67....   ..2......   .6.7...23   9.5.48...      
.8.92...........6.....62.....2.........9..............3..
.7...8.........89..........69.....8....1.......1.....5..1
6.3..7.....3...2.....5.....37.....1....7......7........29
7..219...   .2....1..   ...4..1.9   .9..4...1   .1862.74.
..5..6...   9...1....   9.85.....   .....164.   7..5...18
4......9.   .819..5.6   45.7.98..   ..25....3   2..1....3
8....2..5   ..6.897..   ..4.....2   9....2..5   ..2.5....
.2..534..   .....1...   .6....3.1   3...7.8.6   94.....3.
...79.82.   ....7.492   1.....48.   ....1..3.   ..52.39..

2745 total cells
704 filled cells [25%]
2041 empty cells

