.8.7.3...........7.2.1..53..1..3.4....9.....3..36.97..6....18.4...8.....3.8..5.9.
.3.4..1.2.....3...6.97....5..18.45..8.....9....5.9..4..86..2.1.9...........9.8.5.

0 8 0 7 0 3 0 0 0 . . .
0 0 0 0 0 0 0 0 7 . . .
0 2 0 1 0 0 5 3 0 . . .
0 1 0 0 3 0 4 0 0 1 0 2
0 0 9 0 0 0 0 0 3 0 0 0
0 0 3 6 0 9 7 0 0 0 0 5
6 0 0 0 0 1 8 0 4 5 0 0
0 0 0 8 0 0 0 0 0 9 0 0
3 0 8 0 0 5 0 9 0 0 4 0
. . . 0 8 6 0 0 2 0 1 0
. . . 9 0 0 0 0 0 0 0 0
. . . 0 0 0 9 0 8 0 5 0

.8.7.3...
........7
.2.1..53.
.1..3.4..1.2
..9.....3...
..36.97....5
6....18.45..
...8.....9..
3.8..5.9..4.
   .86..2.1.
   9........
   ...9.8.5.

140 total cells
40 filled cells [28%]
100 empty cells

# --------
# solution
# --------

186753942534982617927146538712538469869417253453629781675391824291864375348275196
538469172417253698629781435391824567864375921275196843786542319953617284142938756

1 8 6 7 5 3 9 4 2 . . .
5 3 4 9 8 2 6 1 7 . . .
9 2 7 1 4 6 5 3 8 . . .
7 1 2 5 3 8 4 6 9 1 7 2
8 6 9 4 1 7 2 5 3 6 9 8
4 5 3 6 2 9 7 8 1 4 3 5
6 7 5 3 9 1 8 2 4 5 6 7
2 9 1 8 6 4 3 7 5 9 2 1
3 4 8 2 7 5 1 9 6 8 4 3
. . . 7 8 6 5 4 2 3 1 9
. . . 9 5 3 6 1 7 2 8 4
. . . 1 4 2 9 3 8 7 5 6

186753942
534982617
927146538
712538469172
869417253698
453629781435
675391824567
291864375921
348275196843
   786542319
   953617284
   142938756

126 total cells
126 filled cells [100%]
0 empty cells

