.1....36..5..3....783..12....92....3....987.............7...........259.6..3....2
2....3..7.987...........4.............259....3....28....18..736....6..4..67....9.

0 1 0 0 0 0 3 6 0 . . . 
0 5 0 0 3 0 0 0 0 . . . 
7 8 3 0 0 1 2 0 0 . . . 
0 0 9 2 0 0 0 0 3 0 0 7 
0 0 0 0 9 8 7 0 0 0 0 0 
0 0 0 0 0 0 0 0 0 4 0 0 
0 0 7 0 0 0 0 0 0 0 0 0 
0 0 0 0 0 2 5 9 0 0 0 0 
6 0 0 3 0 0 0 0 2 8 0 0 
. . . 0 0 1 8 0 0 7 3 6 
. . . 0 0 0 0 6 0 0 4 0 
. . . 0 6 7 0 0 0 0 9 0 

.1....36.   
.5..3....   
783..12..   
..92....3..7
....987.....
.........4..
..7.........
.....259....
6..3....28..
   ..18..736
   ....6..4.
   .67....9.

126 total cells
36 filled cells [28%]
90 empty cells

# --------
# solution
# --------

914827365256439817783561249879246153365198724142753986527984631431672598698315472
246153987198724653753986421984631572672598314315472869521849736839267145467315298

9 1 4 8 2 7 3 6 5 . . . 
2 5 6 4 3 9 8 1 7 . . . 
7 8 3 5 6 1 2 4 9 . . . 
8 7 9 2 4 6 1 5 3 9 8 7 
3 6 5 1 9 8 7 2 4 6 5 3 
1 4 2 7 5 3 9 8 6 4 2 1 
5 2 7 9 8 4 6 3 1 5 7 2 
4 3 1 6 7 2 5 9 8 3 1 4 
6 9 8 3 1 5 4 7 2 8 6 9 
. . . 5 2 1 8 4 9 7 3 6 
. . . 8 3 9 2 6 7 1 4 5 
. . . 4 6 7 3 1 5 2 9 8 

914827365   
256439817   
783561249   
879246153987
365198724653
142753986421
527984631572
431672598314
698315472869
   521849736
   839267145
   467315298

126 total cells
126 filled cells [100%]
0 empty cells

