5...98.......71..88.....7..3.7..48....8...54...6.1....73...9....896.....6.2..5...
..7.1..2.1.4...8....527....71...63......57........3.8......5......3..............
1.9..87.2.24......38.426....7..........7...388.5..4.97....136......7...........7.
.....7........8.............98........61...83...87.......29........8........4....
..............4.......82.....375....1459............12.............1........6....
.........7....5....6.3........9264..9.3.7......6....9.135.........5......8.7.....
.....5......1..........9...3.1.6..7....5.7....7..8.2.4...6..........3......4.....
.....2.8......7.........257.1....4......7.9.6..6138........1.9....5....1.........
....3........7.............18............2859....531.....69.......3..............
....9........1........73.......49...38...56........13.............7........6.....
.8...........4......486....59.4..1.343...1..........4....672.15......92.2.13..6.7
..............5......1......5.2........49......36...84....137....5...2.1.9..4.6..
...6..1.9.....324....7...36....7.9...37...8....18..7.4..9.....51..46.......91...2

5 0 0 0 9 8 0 0 0 X X X 0 0 7 0 1 0 0 2 0 X X X 1 0 9 0 0 8 7 0 2 
0 0 0 0 7 1 0 0 8 X X X 1 0 4 0 0 0 8 0 0 X X X 0 2 4 0 0 0 0 0 0 
8 0 0 0 0 0 7 0 0 X X X 0 0 5 2 7 0 0 0 0 X X X 3 8 0 4 2 6 0 0 0 
3 0 7 0 0 4 8 0 0 X X X 7 1 0 0 0 6 3 0 0 X X X 0 7 0 0 0 0 0 0 0 
0 0 8 0 0 0 5 4 0 X X X 0 0 0 0 5 7 0 0 0 X X X 0 0 0 7 0 0 0 3 8 
0 0 6 0 1 0 0 0 0 X X X 0 0 0 0 0 3 0 8 0 X X X 8 0 5 0 0 4 0 9 7 
7 3 0 0 0 9 0 0 0 0 0 7 0 0 0 0 0 5 0 0 0 0 0 0 0 0 0 0 1 3 6 0 0 
0 8 9 6 0 0 0 0 0 0 0 8 0 0 0 3 0 0 0 0 0 0 0 4 0 0 0 0 7 0 0 0 0 
6 0 2 0 0 5 0 0 0 0 0 0 0 0 0 0 0 0 0 0 0 0 8 2 0 0 0 0 0 0 0 7 0 
X X X X X X 0 9 8 0 0 0 0 0 0 X X X 0 0 3 7 5 0 0 0 0 X X X X X X 
X X X X X X 0 0 6 1 0 0 0 8 3 X X X 1 4 5 9 0 0 0 0 0 X X X X X X 
X X X X X X 0 0 0 8 7 0 0 0 0 X X X 0 0 0 0 0 0 0 1 2 X X X X X X 
0 0 0 0 0 0 0 0 0 2 9 0 0 0 0 0 0 5 0 0 0 0 0 0 0 0 0 0 0 2 0 8 0 
7 0 0 0 0 5 0 0 0 0 8 0 0 0 0 1 0 0 0 0 0 0 1 0 0 0 0 0 0 7 0 0 0 
0 6 0 3 0 0 0 0 0 0 4 0 0 0 0 0 0 9 0 0 0 0 6 0 0 0 0 0 0 0 2 5 7 
0 0 0 9 2 6 4 0 0 X X X 3 0 1 0 6 0 0 7 0 X X X 0 1 0 0 0 0 4 0 0 
9 0 3 0 7 0 0 0 0 X X X 0 0 0 5 0 7 0 0 0 X X X 0 0 0 0 7 0 9 0 6 
0 0 6 0 0 0 0 9 0 X X X 0 7 0 0 8 0 2 0 4 X X X 0 0 6 1 3 8 0 0 0 
1 3 5 0 0 0 0 0 0 0 3 0 0 0 0 6 0 0 0 0 0 0 9 0 0 0 0 0 0 1 0 9 0 
0 0 0 5 0 0 0 0 0 0 7 0 0 0 0 0 0 3 0 0 0 0 1 0 0 0 0 5 0 0 0 0 1 
0 8 0 7 0 0 0 0 0 0 0 0 0 0 0 4 0 0 0 0 0 0 7 3 0 0 0 0 0 0 0 0 0 
X X X X X X 1 8 0 0 0 0 0 0 0 X X X 0 0 0 0 4 9 0 0 0 X X X X X X 
X X X X X X 0 0 0 0 0 2 8 5 9 X X X 3 8 0 0 0 5 6 0 0 X X X X X X 
X X X X X X 0 0 0 0 5 3 1 0 0 X X X 0 0 0 0 0 0 1 3 0 X X X X X X 
0 8 0 0 0 0 0 0 0 6 9 0 0 0 0 0 0 0 0 0 0 0 0 0 0 0 0 6 0 0 1 0 9 
0 0 0 0 4 0 0 0 0 3 0 0 0 0 0 0 0 5 0 0 0 7 0 0 0 0 0 0 0 3 2 4 0 
0 0 4 8 6 0 0 0 0 0 0 0 0 0 0 1 0 0 0 0 0 6 0 0 0 0 0 7 0 0 0 3 6 
5 9 0 4 0 0 1 0 3 X X X 0 5 0 2 0 0 0 0 0 X X X 0 0 0 0 7 0 9 0 0 
4 3 0 0 0 1 0 0 0 X X X 0 0 0 4 9 0 0 0 0 X X X 0 3 7 0 0 0 8 0 0 
0 0 0 0 0 0 0 4 0 X X X 0 0 3 6 0 0 0 8 4 X X X 0 0 1 8 0 0 7 0 4 
0 0 0 6 7 2 0 1 5 X X X 0 0 0 0 1 3 7 0 0 X X X 0 0 9 0 0 0 0 0 5 
0 0 0 0 0 0 9 2 0 X X X 0 0 5 0 0 0 2 0 1 X X X 1 0 0 4 6 0 0 0 0 
2 0 1 3 0 0 6 0 7 X X X 0 9 0 0 4 0 6 0 0 X X X 0 0 0 9 1 0 0 0 2 

5...98...   ..7.1..2.   1.9..87.2
....71..8   1.4...8..   .24......
8.....7..   ..527....   38.426...
3.7..48..   71...63..   .7.......
..8...54.   ....57...   ...7...38
..6.1....   .....3.8.   8.5..4.97
73...9.....7.....5..........136..
.896.......8...3.......4....7....
6.2..5................82.......7.
      .98......   ..375....      
      ..61...83   1459.....      
      ...87....   .......12      
.........29......5...........2.8.
7....5....8....1......1......7...
.6.3......4......9....6.......257
...9264..   3.1.6..7.   .1....4..
9.3.7....   ...5.7...   ....7.9.6
..6....9.   .7..8.2.4   ..6138...
135.......3....6......9......1.9.
...5......7......3....1....5....1
.8.7...........4......73.........
      18.......   ....49...      
      .....2859   38...56..      
      ....531..   ......13.      
.8.......69................6..1.9
....4....3.......5...7.......324.
..486..........1.....6.....7...36
59.4..1.3   .5.2.....   ....7.9..
43...1...   ...49....   .37...8..
.......4.   ..36...84   ..18..7.4
...672.15   ....137..   ..9.....5
......92.   ..5...2.1   1..46....
2.13..6.7   .9..4.6..   ...91...2

909 total cells
252 filled cells [27%]
657 empty cells

