..........3.5........1.42.8.....73.......1......3.......5.....7.2....8...8...91..
......4..5......1.1.42.89....73...4...1....9.3.....1.......7......8.......91.....
.....73.......1......3.......5.....7.2....8...8...91....45.29.3.3......6..1......
..73...4...1....9.3.....1.......7......8.......91.....5.29.3........6.5..........

0 0 0 0 0 0 0 0 0 4 0 0 
0 3 0 5 0 0 0 0 0 0 1 0 
0 0 0 1 0 4 2 0 8 9 0 0 
0 0 0 0 0 7 3 0 0 0 4 0 
0 0 0 0 0 1 0 0 0 0 9 0 
0 0 0 3 0 0 0 0 0 1 0 0 
0 0 5 0 0 0 0 0 7 0 0 0 
0 2 0 0 0 0 8 0 0 0 0 0 
0 8 0 0 0 9 1 0 0 0 0 0 
0 0 4 5 0 2 9 0 3 0 0 0 
0 3 0 0 0 0 0 0 6 0 5 0 
0 0 1 0 0 0 0 0 0 0 0 0 

.........4..
.3.5......1.
...1.42.89..
.....73...4.
.....1....9.
...3.....1..
..5.....7...
.2....8.....
.8...91.....
..45.29.3...
.3......6.5.
..1.........

144 total cells
32 filled cells [22%]
112 empty cells

# --------
# solution
# --------

874962513231578946569134278648297351953641782712385694395816427127453869486729135
962513487578946213134278956297351648641782395385694172816427539453869721729135864
648297351953641782712385694395816427127453869486729135874562913539178246261934578
297351648641782395385694172816427539453869721729135864562913487178246953934578216

8 7 4 9 6 2 5 1 3 4 8 7 
2 3 1 5 7 8 9 4 6 2 1 3 
5 6 9 1 3 4 2 7 8 9 5 6 
6 4 8 2 9 7 3 5 1 6 4 8 
9 5 3 6 4 1 7 8 2 3 9 5 
7 1 2 3 8 5 6 9 4 1 7 2 
3 9 5 8 1 6 4 2 7 5 3 9 
1 2 7 4 5 3 8 6 9 7 2 1 
4 8 6 7 2 9 1 3 5 8 6 4 
8 7 4 5 6 2 9 1 3 4 8 7 
5 3 9 1 7 8 2 4 6 9 5 3 
2 6 1 9 3 4 5 7 8 2 1 6 

874962513487
231578946213
569134278956
648297351648
953641782395
712385694172
395816427539
127453869721
486729135864
874562913487
539178246953
261934578216

144 total cells
144 filled cells [100%]
0 empty cells

