.......8.312.4.9....4..2.5...1.......38.9.....5.1.3..............3264........1...
....42....286....4.9.18.....4..3...1....1...6..1....58...4.......................
..9..45..1.7.6.4..6..3..8.7..2.71..8.......52.7...23.....9.........8.............
........9..3124....5.....8....9.2..8..97...4.3.2.6.........76.......3.92...5...7.
....8.................5.....1.9.....5.23..7..38...2.6.............5..............
....5.......28.......3.........92.......3.9.........35...9.......................
.............5........8.......4.1...3.....2.6..7..5.......14......2.6........9...
4..156...5....2....26.34...84.2........8.3.4.3....7.....4................8..9....
....2.......3.4........9...5.........37....8.....8.1.......7.......16.......48...
...29.......56.......8.......5.8.....1....35.........8...6........4.7.......5....
....7..5................9.....6....3.3.8.5........1.62...14.23....5....4...362..1
...2........5.3......87.......7..6..7.1.....8...6.4.......5........3.............
.......................8...73.........9.6.......92.........9.......34.......7....
..............4.............7.8...92..8..65.7.....7.1.....3.................8....
.3...6...24.1.......18.........6.2.8.1...84..6..7.2....5.....4....4159..8........
.............2.........4.....67...8.38.......2..84.9..7.5..9..3..4.6.8.9..81..4..
.......................9...28....6..1...6....6...3..7.....73.9.5....642....54....
...1........2384..............6.5.8.....4.39.......7...6.7..8....8.5.273.3.......

0 0 0 0 0 0 0 8 0 . . . 0 0 0 0 4 2 0 0 0 . . . 0 0 9 0 0 4 5 0 0 . . . 0 0 0 0 0 0 0 0 9 
3 1 2 0 4 0 9 0 0 . . . 0 2 8 6 0 0 0 0 4 . . . 1 0 7 0 6 0 4 0 0 . . . 0 0 3 1 2 4 0 0 0 
0 0 4 0 0 2 0 5 0 . . . 0 9 0 1 8 0 0 0 0 . . . 6 0 0 3 0 0 8 0 7 . . . 0 5 0 0 0 0 0 8 0 
0 0 1 0 0 0 0 0 0 . . . 0 4 0 0 3 0 0 0 1 . . . 0 0 2 0 7 1 0 0 8 . . . 0 0 0 9 0 2 0 0 8 
0 3 8 0 9 0 0 0 0 . . . 0 0 0 0 1 0 0 0 6 . . . 0 0 0 0 0 0 0 5 2 . . . 0 0 9 7 0 0 0 4 0 
0 5 0 1 0 3 0 0 0 . . . 0 0 1 0 0 0 0 5 8 . . . 0 7 0 0 0 2 3 0 0 . . . 3 0 2 0 6 0 0 0 0 
0 0 0 0 0 0 0 0 0 0 8 0 0 0 0 4 0 0 0 0 0 0 5 0 0 0 0 9 0 0 0 0 0 0 0 0 0 0 0 0 0 7 6 0 0 
0 0 3 2 6 4 0 0 0 0 0 0 0 0 0 0 0 0 0 0 0 2 8 0 0 0 0 0 8 0 0 0 0 0 5 0 0 0 0 0 0 3 0 9 2 
0 0 0 0 0 1 0 0 0 0 5 0 0 0 0 0 0 0 0 0 0 3 0 0 0 0 0 0 0 0 0 0 0 0 8 0 0 0 0 5 0 0 0 7 0 
. . . . . . 0 1 0 9 0 0 0 0 0 . . . 0 0 0 0 9 2 0 0 0 . . . 0 0 0 4 0 1 0 0 0 . . . . . . 
. . . . . . 5 0 2 3 0 0 7 0 0 . . . 0 0 0 0 3 0 9 0 0 . . . 3 0 0 0 0 0 2 0 6 . . . . . . 
. . . . . . 3 8 0 0 0 2 0 6 0 . . . 0 0 0 0 0 0 0 3 5 . . . 0 0 7 0 0 5 0 0 0 . . . . . . 
4 0 0 1 5 6 0 0 0 0 0 0 0 0 0 0 2 0 0 0 0 9 0 0 0 0 0 2 9 0 0 0 0 0 1 4 0 0 0 0 7 0 0 5 0 
5 0 0 0 0 2 0 0 0 5 0 0 0 0 0 3 0 4 0 0 0 0 0 0 0 0 0 5 6 0 0 0 0 2 0 6 0 0 0 0 0 0 0 0 0 
0 2 6 0 3 4 0 0 0 0 0 0 0 0 0 0 0 9 0 0 0 0 0 0 0 0 0 8 0 0 0 0 0 0 0 9 0 0 0 0 0 0 9 0 0 
8 4 0 2 0 0 0 0 0 . . . 5 0 0 0 0 0 0 0 0 . . . 0 0 5 0 8 0 0 0 0 . . . 0 0 0 6 0 0 0 0 3 
0 0 0 8 0 3 0 4 0 . . . 0 3 7 0 0 0 0 8 0 . . . 0 1 0 0 0 0 3 5 0 . . . 0 3 0 8 0 5 0 0 0 
3 0 0 0 0 7 0 0 0 . . . 0 0 0 0 8 0 1 0 0 . . . 0 0 0 0 0 0 0 0 8 . . . 0 0 0 0 0 1 0 6 2 
0 0 4 0 0 0 0 0 0 2 0 0 0 0 0 0 0 7 0 0 0 0 0 0 0 0 0 6 0 0 0 0 0 0 0 0 0 0 0 1 4 0 2 3 0 
0 0 0 0 0 0 0 0 0 5 0 3 0 0 0 0 1 6 0 0 0 0 0 0 0 0 0 4 0 7 0 0 0 0 0 4 0 0 0 5 0 0 0 0 4 
0 8 0 0 9 0 0 0 0 8 7 0 0 0 0 0 4 8 0 0 0 0 0 8 0 0 0 0 5 0 0 0 0 0 0 0 0 0 0 3 6 2 0 0 1 
. . . . . . 0 0 0 7 0 0 6 0 0 . . . 7 3 0 0 0 0 0 0 0 . . . 0 7 0 8 0 0 0 9 2 . . . . . . 
. . . . . . 7 0 1 0 0 0 0 0 8 . . . 0 0 9 0 6 0 0 0 0 . . . 0 0 8 0 0 6 5 0 7 . . . . . . 
. . . . . . 0 0 0 6 0 4 0 0 0 . . . 0 0 0 9 2 0 0 0 0 . . . 0 0 0 0 0 7 0 1 0 . . . . . . 
0 3 0 0 0 6 0 0 0 0 5 0 0 0 0 0 0 0 0 0 0 0 0 9 0 0 0 0 0 0 0 0 0 0 3 0 0 0 0 1 0 0 0 0 0 
2 4 0 1 0 0 0 0 0 0 3 0 0 0 0 0 2 0 0 0 0 0 3 4 0 0 0 0 0 0 0 0 0 0 0 0 0 0 0 2 3 8 4 0 0 
0 0 1 8 0 0 0 0 0 0 0 0 0 0 0 0 0 4 0 0 0 0 7 0 0 0 0 0 0 9 0 0 0 0 8 0 0 0 0 0 0 0 0 0 0 
0 0 0 0 6 0 2 0 8 . . . 0 0 6 7 0 0 0 8 0 . . . 2 8 0 0 0 0 6 0 0 . . . 0 0 0 6 0 5 0 8 0 
0 1 0 0 0 8 4 0 0 . . . 3 8 0 0 0 0 0 0 0 . . . 1 0 0 0 6 0 0 0 0 . . . 0 0 0 0 4 0 3 9 0 
6 0 0 7 0 2 0 0 0 . . . 2 0 0 8 4 0 9 0 0 . . . 6 0 0 0 3 0 0 7 0 . . . 0 0 0 0 0 0 7 0 0 
0 5 0 0 0 0 0 4 0 . . . 7 0 5 0 0 9 0 0 3 . . . 0 0 0 0 7 3 0 9 0 . . . 0 6 0 7 0 0 8 0 0 
0 0 0 4 1 5 9 0 0 . . . 0 0 4 0 6 0 8 0 9 . . . 5 0 0 0 0 6 4 2 0 . . . 0 0 8 0 5 0 2 7 3 
8 0 0 0 0 0 0 0 0 . . . 0 0 8 1 0 0 4 0 0 . . . 0 0 0 5 4 0 0 0 0 . . . 0 3 0 0 0 0 0 0 0 

.......8.   ....42...   ..9..45..   ........9
312.4.9..   .286....4   1.7.6.4..   ..3124...
..4..2.5.   .9.18....   6..3..8.7   .5.....8.
..1......   .4..3...1   ..2.71..8   ...9.2..8
.38.9....   ....1...6   .......52   ..97...4.
.5.1.3...   ..1....58   .7...23..   3.2.6....
..........8....4......5....9.............76..
..3264...............28.....8.....5......3.92
.....1....5..........3............8....5...7.
      .1.9.....   ....92...   ...4.1...      
      5.23..7..   ....3.9..   3.....2.6      
      38...2.6.   .......35   ..7..5...      
4..156..........2....9.....29.....14....7..5.
5....2...5.....3.4.........56....2.6.........
.26.34...........9.........8.......9......9..
84.2.....   5........   ..5.8....   ...6....3
...8.3.4.   .37....8.   .1....35.   .3.8.5...
3....7...   ....8.1..   ........8   .....1.62
..4......2.......7.........6...........14.23.
.........5.3....16.........4.7.....4...5....4
.8..9....87.....48.....8....5..........362..1
      ...7..6..   73.......   .7.8...92      
      7.1.....8   ..9.6....   ..8..65.7      
      ...6.4...   ...92....   .....7.1.      
.3...6....5............9..........3....1.....
24.1......3.....2.....34...............2384..
..18.............4....7......9....8..........
....6.2.8   ..67...8.   28....6..   ...6.5.8.
.1...84..   38.......   1...6....   ....4.39.
6..7.2...   2..84.9..   6...3..7.   ......7..
.5.....4.   7.5..9..3   ....73.9.   .6.7..8..
...4159..   ..4.6.8.9   5....642.   ..8.5.273
8........   ..81..4..   ...54....   .3.......

1242 total cells
316 filled cells [25%]
926 empty cells

# --------
# solution
# --------

975316482312548967864972351741625893238497516659183724186739245593264178427851639
613942587728653914495187632842536791579218346361794258137465829956821473284379165
289714563137568429645329817352471698461893752978652341713945286596287134824136975
617358429893124765254679381576942138189735246342861957935287614768413592421596873
245689137178423956639751284416975328592368741387142569723814695964537812851296473
829654713473281596165379824734592681652138947981467235347926158596813472218745369
286147935134952768975683421698421357351798246427365189763514892819236574542879613
498156723531782964726934851845219376179863245362547189914628537253471698687395412
695821347812374596473659218548163729137492685269785134981537462724916853356248971
158294763472563819369871542295386471814729356736145298587612934921437685643958127
892473156574916328613258947287694513136825479945731862768149235321587694459362781
537246981698513724412879356243781695761395248985624137124957863856132479379468512
462193587853746921971258643736481259129365874584927136247519368615834792398672415
934125768685974321127368459471853692298416537356297814549731286813642975762589143
938576124247193856561824379475361298312958467689742531153689742726415983894237615
863915247479328615512674398946732581381596724257841936725489163134267859698153472
368127549792654813415389762289715634173462958654938271846273195531896427927541386
286194537975238416143567928394675182627841395851329764562713849418956273739482651

9 7 5 3 1 6 4 8 2 . . . 6 1 3 9 4 2 5 8 7 . . . 2 8 9 7 1 4 5 6 3 . . . 6 1 7 3 5 8 4 2 9 
3 1 2 5 4 8 9 6 7 . . . 7 2 8 6 5 3 9 1 4 . . . 1 3 7 5 6 8 4 2 9 . . . 8 9 3 1 2 4 7 6 5 
8 6 4 9 7 2 3 5 1 . . . 4 9 5 1 8 7 6 3 2 . . . 6 4 5 3 2 9 8 1 7 . . . 2 5 4 6 7 9 3 8 1 
7 4 1 6 2 5 8 9 3 . . . 8 4 2 5 3 6 7 9 1 . . . 3 5 2 4 7 1 6 9 8 . . . 5 7 6 9 4 2 1 3 8 
2 3 8 4 9 7 5 1 6 . . . 5 7 9 2 1 8 3 4 6 . . . 4 6 1 8 9 3 7 5 2 . . . 1 8 9 7 3 5 2 4 6 
6 5 9 1 8 3 7 2 4 . . . 3 6 1 7 9 4 2 5 8 . . . 9 7 8 6 5 2 3 4 1 . . . 3 4 2 8 6 1 9 5 7 
1 8 6 7 3 9 2 4 5 6 8 9 1 3 7 4 6 5 8 2 9 6 5 4 7 1 3 9 4 5 2 8 6 1 4 7 9 3 5 2 8 7 6 1 4 
5 9 3 2 6 4 1 7 8 4 2 3 9 5 6 8 2 1 4 7 3 2 8 1 5 9 6 2 8 7 1 3 4 9 5 2 7 6 8 4 1 3 5 9 2 
4 2 7 8 5 1 6 3 9 7 5 1 2 8 4 3 7 9 1 6 5 3 7 9 8 2 4 1 3 6 9 7 5 6 8 3 4 2 1 5 9 6 8 7 3 
. . . . . . 4 1 6 9 7 5 3 2 8 . . . 7 3 4 5 9 2 6 8 1 . . . 6 9 8 4 2 1 3 5 7 . . . . . . 
. . . . . . 5 9 2 3 6 8 7 4 1 . . . 6 5 2 1 3 8 9 4 7 . . . 3 5 1 7 9 8 2 4 6 . . . . . . 
. . . . . . 3 8 7 1 4 2 5 6 9 . . . 9 8 1 4 6 7 2 3 5 . . . 4 2 7 3 6 5 1 8 9 . . . . . . 
4 9 8 1 5 6 7 2 3 8 1 4 6 9 5 8 2 1 3 4 7 9 2 6 1 5 8 2 9 4 7 6 3 5 1 4 8 9 2 4 7 3 1 5 6 
5 3 1 7 8 2 9 6 4 5 3 7 8 1 2 3 7 4 5 9 6 8 1 3 4 7 2 5 6 3 8 1 9 2 3 6 5 7 4 9 1 6 3 2 8 
7 2 6 9 3 4 8 5 1 2 9 6 4 7 3 6 5 9 2 1 8 7 4 5 3 6 9 8 7 1 5 4 2 8 7 9 6 1 3 2 5 8 9 4 7 
8 4 5 2 1 9 3 7 6 . . . 5 4 8 1 6 3 7 2 9 . . . 2 9 5 3 8 6 4 7 1 . . . 2 8 7 6 9 4 5 1 3 
1 7 9 8 6 3 2 4 5 . . . 1 3 7 4 9 2 6 8 5 . . . 8 1 4 7 2 9 3 5 6 . . . 1 3 6 8 2 5 4 7 9 
3 6 2 5 4 7 1 8 9 . . . 2 6 9 7 8 5 1 3 4 . . . 7 3 6 1 4 5 2 9 8 . . . 9 4 5 7 3 1 8 6 2 
9 1 4 6 2 8 5 3 7 2 4 6 9 8 1 5 3 7 4 6 2 1 9 3 5 8 7 6 1 2 9 3 4 1 2 5 7 6 8 1 4 9 2 3 5 
2 5 3 4 7 1 6 9 8 5 1 3 7 2 4 9 1 6 8 5 3 7 4 6 9 2 1 4 3 7 6 8 5 9 7 4 3 2 1 5 8 7 6 9 4 
6 8 7 3 9 5 4 1 2 8 7 9 3 5 6 2 4 8 9 7 1 2 5 8 6 4 3 9 5 8 1 2 7 3 6 8 4 5 9 3 6 2 7 8 1 
. . . . . . 2 4 3 7 8 1 6 9 5 . . . 7 3 6 4 8 1 2 5 9 . . . 4 7 1 8 5 3 6 9 2 . . . . . . 
. . . . . . 7 6 1 3 9 5 2 4 8 . . . 1 2 9 3 6 5 8 7 4 . . . 2 9 8 4 1 6 5 3 7 . . . . . . 
. . . . . . 9 8 5 6 2 4 1 3 7 . . . 5 8 4 9 2 7 1 3 6 . . . 3 5 6 2 9 7 8 1 4 . . . . . . 
9 3 8 5 7 6 1 2 4 9 5 7 8 6 3 9 1 5 2 4 7 5 1 9 3 6 8 1 2 7 5 4 9 7 3 1 2 8 6 1 9 4 5 3 7 
2 4 7 1 9 3 8 5 6 1 3 2 4 7 9 3 2 8 6 1 5 8 3 4 7 9 2 6 5 4 8 1 3 6 4 2 9 7 5 2 3 8 4 1 6 
5 6 1 8 2 4 3 7 9 4 6 8 5 1 2 6 7 4 3 9 8 6 7 2 4 1 5 3 8 9 7 6 2 5 8 9 1 4 3 5 6 7 9 2 8 
4 7 5 3 6 1 2 9 8 . . . 9 4 6 7 3 2 5 8 1 . . . 2 8 9 7 1 5 6 3 4 . . . 3 9 4 6 7 5 1 8 2 
3 1 2 9 5 8 4 6 7 . . . 3 8 1 5 9 6 7 2 4 . . . 1 7 3 4 6 2 9 5 8 . . . 6 2 7 8 4 1 3 9 5 
6 8 9 7 4 2 5 3 1 . . . 2 5 7 8 4 1 9 3 6 . . . 6 5 4 9 3 8 2 7 1 . . . 8 5 1 3 2 9 7 6 4 
1 5 3 6 8 9 7 4 2 . . . 7 2 5 4 8 9 1 6 3 . . . 8 4 6 2 7 3 1 9 5 . . . 5 6 2 7 1 3 8 4 9 
7 2 6 4 1 5 9 8 3 . . . 1 3 4 2 6 7 8 5 9 . . . 5 3 1 8 9 6 4 2 7 . . . 4 1 8 9 5 6 2 7 3 
8 9 4 2 3 7 6 1 5 . . . 6 9 8 1 5 3 4 7 2 . . . 9 2 7 5 4 1 3 8 6 . . . 7 3 9 4 8 2 6 5 1 

975316482   613942587   289714563   617358429
312548967   728653914   137568429   893124765
864972351   495187632   645329817   254679381
741625893   842536791   352471698   576942138
238497516   579218346   461893752   189735246
659183724   361794258   978652341   342861957
186739245689137465829654713945286147935287614
593264178423956821473281596287134952768413592
427851639751284379165379824136975683421596873
      416975328   734592681   698421357      
      592368741   652138947   351798246      
      387142569   981467235   427365189      
498156723814695821347926158294763514892473156
531782964537812374596813472563819236574916328
726934851296473659218745369871542879613258947
845219376   548163729   295386471   287694513
179863245   137492685   814729356   136825479
362547189   269785134   736145298   945731862
914628537246981537462193587612934125768149235
253471698513724916853746921437685974321587694
687395412879356248971258643958127368459362781
      243781695   736481259   471853692      
      761395248   129365874   298416537      
      985624137   584927136   356297814      
938576124957863915247519368127549731286194537
247193856132479328615834792654813642975238416
561824379468512674398672415389762589143567928
475361298   946732581   289715634   394675182
312958467   381596724   173462958   627841395
689742531   257841936   654938271   851329764
153689742   725489163   846273195   562713849
726415983   134267859   531896427   418956273
894237615   698153472   927541386   739482651

1242 total cells
1242 filled cells [100%]
0 empty cells

