35....9....46.9.7...6...3.85.31..6...2.56...3...........9.5.......9.....2...4....
...89....692...73.....2.1..8...........97...442.5.........6.......2.........5....
6...2.1...8.....6..3.1.....7....6.4...5..2.3.9...5.2.....34......................
4.6....3...23...6.38..7..2.7..96.....2.7..6...532.4........715.............8..3..
...4........52........1......3......97...8...684....................1......97....
....7.........1.......46.....9..7....4..8...5.6851...............................
.............3.......97.....41.6....276.83.....8.4..........................5....
..73..............62...9...9..1.5..6...8....7.829..5....8.9.....4..2......3.1....
..............1........5...4..6.2...2......63....13.2.............8..........7...
...3..........8.............9.83....35......4...4.7..5...7........5..............
....6.9......7..4.....2.1....7..643.2....7...5..3.1..9...9...54..............53..
....9..........................3.6.....76.291....8.34.....42.......7.............
...............................2719.1...5..6....1..8.....51.......2.........3....
....17......9....................913...7...28......7......8........93........6...
..2..8.............987........1.632...6..7.9.....82..4.6..4..82.2...59...8....5.6
......................48.....6.1...9.5.9..3...3.8....7.....2.7..8.....4...2.8...5
....2.........3.......1.........6.737...94...........9..1.6.....53...867....59...
....4...1.....8.......1.6...........7...69.4...8..27.95.6...9...4.9.15....2....87

3 5 0 0 0 0 9 0 0 . . . 0 0 0 8 9 0 0 0 0 . . . 6 0 0 0 2 0 1 0 0 . . . 4 0 6 0 0 0 0 3 0 
0 0 4 6 0 9 0 7 0 . . . 6 9 2 0 0 0 7 3 0 . . . 0 8 0 0 0 0 0 6 0 . . . 0 0 2 3 0 0 0 6 0 
0 0 6 0 0 0 3 0 8 . . . 0 0 0 0 2 0 1 0 0 . . . 0 3 0 1 0 0 0 0 0 . . . 3 8 0 0 7 0 0 2 0 
5 0 3 1 0 0 6 0 0 . . . 8 0 0 0 0 0 0 0 0 . . . 7 0 0 0 0 6 0 4 0 . . . 7 0 0 9 6 0 0 0 0 
0 2 0 5 6 0 0 0 3 . . . 0 0 0 9 7 0 0 0 4 . . . 0 0 5 0 0 2 0 3 0 . . . 0 2 0 7 0 0 6 0 0 
0 0 0 0 0 0 0 0 0 . . . 4 2 0 5 0 0 0 0 0 . . . 9 0 0 0 5 0 2 0 0 . . . 0 5 3 2 0 4 0 0 0 
0 0 9 0 5 0 0 0 0 4 0 0 0 0 0 0 6 0 0 0 0 0 7 0 0 0 0 3 4 0 0 0 0 0 0 0 0 0 0 0 0 7 1 5 0 
0 0 0 9 0 0 0 0 0 5 2 0 0 0 0 2 0 0 0 0 0 0 0 1 0 0 0 0 0 0 0 0 0 0 3 0 0 0 0 0 0 0 0 0 0 
2 0 0 0 4 0 0 0 0 0 1 0 0 0 0 0 5 0 0 0 0 0 4 6 0 0 0 0 0 0 0 0 0 9 7 0 0 0 0 8 0 0 3 0 0 
. . . . . . 0 0 3 0 0 0 0 0 0 . . . 0 0 9 0 0 7 0 0 0 . . . 0 4 1 0 6 0 0 0 0 . . . . . . 
. . . . . . 9 7 0 0 0 8 0 0 0 . . . 0 4 0 0 8 0 0 0 5 . . . 2 7 6 0 8 3 0 0 0 . . . . . . 
. . . . . . 6 8 4 0 0 0 0 0 0 . . . 0 6 8 5 1 0 0 0 0 . . . 0 0 8 0 4 0 0 0 0 . . . . . . 
0 0 7 3 0 0 0 0 0 0 0 0 0 0 0 0 0 0 0 0 0 0 0 0 0 0 0 3 0 0 0 0 0 0 0 0 0 0 0 0 6 0 9 0 0 
0 0 0 0 0 0 0 0 0 0 0 1 0 0 0 0 0 1 0 0 0 0 0 0 0 0 0 0 0 8 0 0 0 0 0 0 0 0 0 0 7 0 0 4 0 
6 2 0 0 0 9 0 0 0 9 7 0 0 0 0 0 0 5 0 0 0 0 0 0 0 0 0 0 0 0 0 0 0 0 5 0 0 0 0 0 2 0 1 0 0 
9 0 0 1 0 5 0 0 6 . . . 4 0 0 6 0 2 0 0 0 . . . 0 9 0 8 3 0 0 0 0 . . . 0 0 7 0 0 6 4 3 0 
0 0 0 8 0 0 0 0 7 . . . 2 0 0 0 0 0 0 6 3 . . . 3 5 0 0 0 0 0 0 4 . . . 2 0 0 0 0 7 0 0 0 
0 8 2 9 0 0 5 0 0 . . . 0 0 0 0 1 3 0 2 0 . . . 0 0 0 4 0 7 0 0 5 . . . 5 0 0 3 0 1 0 0 9 
0 0 8 0 9 0 0 0 0 0 9 0 0 0 0 0 0 0 0 0 0 0 0 0 0 0 0 7 0 0 0 0 0 0 1 7 0 0 0 9 0 0 0 5 4 
0 4 0 0 2 0 0 0 0 0 0 0 0 0 0 8 0 0 0 0 0 0 0 0 0 0 0 5 0 0 0 0 0 9 0 0 0 0 0 0 0 0 0 0 0 
0 0 3 0 1 0 0 0 0 0 0 0 0 0 0 0 0 7 0 0 0 0 0 0 0 0 0 0 0 0 0 0 0 0 0 0 0 0 0 0 0 5 3 0 0 
. . . . . . 0 0 0 0 3 0 6 0 0 . . . 0 0 0 0 2 7 1 9 0 . . . 0 0 0 0 0 0 9 1 3 . . . . . . 
. . . . . . 0 0 0 7 6 0 2 9 1 . . . 1 0 0 0 5 0 0 6 0 . . . 0 0 0 7 0 0 0 2 8 . . . . . . 
. . . . . . 0 0 0 0 8 0 3 4 0 . . . 0 0 0 1 0 0 8 0 0 . . . 0 0 0 0 0 0 7 0 0 . . . . . . 
0 0 2 0 0 8 0 0 0 0 4 2 0 0 0 0 0 0 0 0 0 5 1 0 0 0 0 0 2 0 0 0 0 0 8 0 0 0 0 0 4 0 0 0 1 
0 0 0 0 0 0 0 0 0 0 7 0 0 0 0 0 0 0 0 0 0 2 0 0 0 0 0 0 0 3 0 0 0 0 9 3 0 0 0 0 0 8 0 0 0 
0 9 8 7 0 0 0 0 0 0 0 0 0 0 0 0 4 8 0 0 0 0 3 0 0 0 0 0 1 0 0 0 0 0 0 6 0 0 0 0 1 0 6 0 0 
0 0 0 1 0 6 3 2 0 . . . 0 0 6 0 1 0 0 0 9 . . . 0 0 0 0 0 6 0 7 3 . . . 0 0 0 0 0 0 0 0 0 
0 0 6 0 0 7 0 9 0 . . . 0 5 0 9 0 0 3 0 0 . . . 7 0 0 0 9 4 0 0 0 . . . 7 0 0 0 6 9 0 4 0 
0 0 0 0 8 2 0 0 4 . . . 0 3 0 8 0 0 0 0 7 . . . 0 0 0 0 0 0 0 0 9 . . . 0 0 8 0 0 2 7 0 9 
0 6 0 0 4 0 0 8 2 . . . 0 0 0 0 0 2 0 7 0 . . . 0 0 1 0 6 0 0 0 0 . . . 5 0 6 0 0 0 9 0 0 
0 2 0 0 0 5 9 0 0 . . . 0 8 0 0 0 0 0 4 0 . . . 0 5 3 0 0 0 8 6 7 . . . 0 4 0 9 0 1 5 0 0 
0 8 0 0 0 0 5 0 6 . . . 0 0 2 0 8 0 0 0 5 . . . 0 0 0 0 5 9 0 0 0 . . . 0 0 2 0 0 0 0 8 7 

35....9..   ...89....   6...2.1..   4.6....3.
..46.9.7.   692...73.   .8.....6.   ..23...6.
..6...3.8   ....2.1..   .3.1.....   38..7..2.
5.31..6..   8........   7....6.4.   7..96....
.2.56...3   ...97...4   ..5..2.3.   .2.7..6..
.........   42.5.....   9...5.2..   .532.4...
..9.5....4......6.....7....34............715.
...9.....52....2.......1..........3..........
2...4.....1.....5.....46.........97....8..3..
      ..3......   ..9..7...   .41.6....      
      97...8...   .4..8...5   276.83...      
      684......   .6851....   ..8.4....      
..73.......................3............6.9..
...........1.....1...........8..........7..4.
62...9...97......5................5.....2.1..
9..1.5..6   4..6.2...   .9.83....   ..7..643.
...8....7   2......63   35......4   2....7...
.829..5..   ....13.2.   ...4.7..5   5..3.1..9
..8.9.....9................7......17...9...54
.4..2..........8...........5.....9...........
..3.1............7.......................53..
      ....3.6..   ....2719.   ......913      
      ...76.291   1...5..6.   ...7...28      
      ....8.34.   ...1..8..   ......7..      
..2..8....42.........51.....2.....8.....4...1
..........7..........2.......3....93.....8...
.987............48....3.....1......6....1.6..
...1.632.   ..6.1...9   .....6.73   .........
..6..7.9.   .5.9..3..   7...94...   7...69.4.
....82..4   .3.8....7   ........9   ..8..27.9
.6..4..82   .....2.7.   ..1.6....   5.6...9..
.2...59..   .8.....4.   .53...867   .4.9.15..
.8....5.6   ..2.8...5   ....59...   ..2....87

1242 total cells
320 filled cells [25%]
922 empty cells

# --------
# solution
# --------

352718964814639275796425318543187629921564783687293451479856132135972846268341597
341897256692415738587326149875634912136972584429581367758169423913248675264753891
679824153481537962532169478723986541865412739914753286196345827348271695257698314
496182735572349861381576429748963512129758643653214987934627158817435296265891374
132496758846527913597813264213749586975168432684352179421685397769231845358974621
423875196675291348891346257359467821142983675768512934514639782236758419987124563
827615934695432817314978265941267583276583491538149672469721358753894126182356749
897356421435281769621479358974135286356842197182967534218594673749623815563718942
397268514845971236621435987413682795258749163769513428182354679974826351536197842
782351469419628753563974182194835276357296814826417935241763598678549321935182647
358164927126879543749523186917256438283497615564381279632918754475632891891745362
673594182815623974942817536127439658384765291596281347759142863238976415461358729
679385241351942678842761935485627193193458762267193854724516389938274516516839427
598417632321968475647352891872645913469731528153829746716284359284593167935176284
432618759671594238598723461849156327216437895357982614765349182124865973983271546
863195724415267938729348516276513489158974362934826157691452873587639241342781695
389425716516973284427618935294586173735194628168732459841367592953241867672859341
359246871167598234284713695691487352725369148438152769576824913843971526912635487

3 5 2 7 1 8 9 6 4 . . . 3 4 1 8 9 7 2 5 6 . . . 6 7 9 8 2 4 1 5 3 . . . 4 9 6 1 8 2 7 3 5 
8 1 4 6 3 9 2 7 5 . . . 6 9 2 4 1 5 7 3 8 . . . 4 8 1 5 3 7 9 6 2 . . . 5 7 2 3 4 9 8 6 1 
7 9 6 4 2 5 3 1 8 . . . 5 8 7 3 2 6 1 4 9 . . . 5 3 2 1 6 9 4 7 8 . . . 3 8 1 5 7 6 4 2 9 
5 4 3 1 8 7 6 2 9 . . . 8 7 5 6 3 4 9 1 2 . . . 7 2 3 9 8 6 5 4 1 . . . 7 4 8 9 6 3 5 1 2 
9 2 1 5 6 4 7 8 3 . . . 1 3 6 9 7 2 5 8 4 . . . 8 6 5 4 1 2 7 3 9 . . . 1 2 9 7 5 8 6 4 3 
6 8 7 2 9 3 4 5 1 . . . 4 2 9 5 8 1 3 6 7 . . . 9 1 4 7 5 3 2 8 6 . . . 6 5 3 2 1 4 9 8 7 
4 7 9 8 5 6 1 3 2 4 9 6 7 5 8 1 6 9 4 2 3 8 7 5 1 9 6 3 4 5 8 2 7 6 1 5 9 3 4 6 2 7 1 5 8 
1 3 5 9 7 2 8 4 6 5 2 7 9 1 3 2 4 8 6 7 5 2 9 1 3 4 8 2 7 1 6 9 5 4 3 2 8 1 7 4 3 5 2 9 6 
2 6 8 3 4 1 5 9 7 8 1 3 2 6 4 7 5 3 8 9 1 3 4 6 2 5 7 6 9 8 3 1 4 9 7 8 2 6 5 8 9 1 3 7 4 
. . . . . . 2 1 3 7 4 9 5 8 6 . . . 3 5 9 4 6 7 8 2 1 . . . 9 4 1 2 6 7 5 8 3 . . . . . . 
. . . . . . 9 7 5 1 6 8 4 3 2 . . . 1 4 2 9 8 3 6 7 5 . . . 2 7 6 5 8 3 4 9 1 . . . . . . 
. . . . . . 6 8 4 3 5 2 1 7 9 . . . 7 6 8 5 1 2 9 3 4 . . . 5 3 8 1 4 9 6 7 2 . . . . . . 
8 9 7 3 5 6 4 2 1 6 8 5 3 9 7 2 6 8 5 1 4 6 3 9 7 8 2 3 5 1 4 6 9 7 2 1 3 5 8 1 6 4 9 2 7 
4 3 5 2 8 1 7 6 9 2 3 1 8 4 5 9 7 1 2 3 6 7 5 8 4 1 9 6 2 8 7 5 3 8 9 4 1 2 6 8 7 9 5 4 3 
6 2 1 4 7 9 3 5 8 9 7 4 6 2 1 4 3 5 9 8 7 1 2 4 5 6 3 9 7 4 1 8 2 3 5 6 7 4 9 5 2 3 1 8 6 
9 7 4 1 3 5 2 8 6 . . . 4 1 3 6 8 2 7 9 5 . . . 1 9 4 8 3 5 2 7 6 . . . 9 1 7 2 5 6 4 3 8 
3 5 6 8 4 2 1 9 7 . . . 2 5 8 7 4 9 1 6 3 . . . 3 5 7 2 9 6 8 1 4 . . . 2 8 3 4 9 7 6 1 5 
1 8 2 9 6 7 5 3 4 . . . 7 6 9 5 1 3 4 2 8 . . . 8 2 6 4 1 7 9 3 5 . . . 5 6 4 3 8 1 2 7 9 
2 1 8 5 9 4 6 7 3 5 9 4 1 8 2 3 5 4 6 7 9 3 8 5 2 4 1 7 6 3 5 9 8 4 1 7 6 3 2 9 1 8 7 5 4 
7 4 9 6 2 3 8 1 5 6 2 3 9 7 4 8 2 6 3 5 1 9 4 2 6 7 8 5 4 9 3 2 1 9 6 8 4 7 5 6 3 2 8 9 1 
5 6 3 7 1 8 9 4 2 8 1 7 5 3 6 1 9 7 8 4 2 7 6 1 9 3 5 1 8 2 6 4 7 3 5 2 8 9 1 7 4 5 3 6 2 
. . . . . . 1 2 7 4 3 9 6 5 8 . . . 4 8 5 6 2 7 1 9 3 . . . 8 7 2 6 4 5 9 1 3 . . . . . . 
. . . . . . 3 8 4 7 6 5 2 9 1 . . . 1 9 3 4 5 8 7 6 2 . . . 4 6 9 7 3 1 5 2 8 . . . . . . 
. . . . . . 5 9 6 2 8 1 3 4 7 . . . 2 6 7 1 9 3 8 5 4 . . . 1 5 3 8 2 9 7 4 6 . . . . . . 
4 3 2 6 1 8 7 5 9 1 4 2 8 6 3 1 9 5 7 2 4 5 1 6 3 8 9 4 2 5 7 1 6 2 8 4 3 5 9 2 4 6 8 7 1 
6 7 1 5 9 4 2 3 8 9 7 6 4 1 5 2 6 7 9 3 8 2 7 4 5 1 6 9 7 3 2 8 4 5 9 3 1 6 7 5 9 8 2 3 4 
5 9 8 7 2 3 4 6 1 3 5 8 7 2 9 3 4 8 5 1 6 8 3 9 4 2 7 6 1 8 9 3 5 1 7 6 2 8 4 7 1 3 6 9 5 
8 4 9 1 5 6 3 2 7 . . . 2 7 6 5 1 3 4 8 9 . . . 2 9 4 5 8 6 1 7 3 . . . 6 9 1 4 8 7 3 5 2 
2 1 6 4 3 7 8 9 5 . . . 1 5 8 9 7 4 3 6 2 . . . 7 3 5 1 9 4 6 2 8 . . . 7 2 5 3 6 9 1 4 8 
3 5 7 9 8 2 6 1 4 . . . 9 3 4 8 2 6 1 5 7 . . . 1 6 8 7 3 2 4 5 9 . . . 4 3 8 1 5 2 7 6 9 
7 6 5 3 4 9 1 8 2 . . . 6 9 1 4 5 2 8 7 3 . . . 8 4 1 3 6 7 5 9 2 . . . 5 7 6 8 2 4 9 1 3 
1 2 4 8 6 5 9 7 3 . . . 5 8 7 6 3 9 2 4 1 . . . 9 5 3 2 4 1 8 6 7 . . . 8 4 3 9 7 1 5 2 6 
9 8 3 2 7 1 5 4 6 . . . 3 4 2 7 8 1 6 9 5 . . . 6 7 2 8 5 9 3 4 1 . . . 9 1 2 6 3 5 4 8 7 

352718964   341897256   679824153   496182735
814639275   692415738   481537962   572349861
796425318   587326149   532169478   381576429
543187629   875634912   723986541   748963512
921564783   136972584   865412739   129758643
687293451   429581367   914753286   653214987
479856132496758169423875196345827615934627158
135972846527913248675291348271695432817435296
268341597813264753891346257698314978265891374
      213749586   359467821   941267583      
      975168432   142983675   276583491      
      684352179   768512934   538149672      
897356421685397268514639782351469721358164927
435281769231845971236758419628753894126879543
621479358974621435987124563974182356749523186
974135286   413682795   194835276   917256438
356842197   258749163   357296814   283497615
182967534   769513428   826417935   564381279
218594673594182354679385241763598417632918754
749623815623974826351942678549321968475632891
563718942817536197842761935182647352891745362
      127439658   485627193   872645913      
      384765291   193458762   469731528      
      596281347   267193854   153829746      
432618759142863195724516389425716284359246871
671594238976415267938274516973284593167598234
598723461358729348516839427618935176284713695
849156327   276513489   294586173   691487352
216437895   158974362   735194628   725369148
357982614   934826157   168732459   438152769
765349182   691452873   841367592   576824913
124865973   587639241   953241867   843971526
983271546   342781695   672859341   912635487

1242 total cells
1242 filled cells [100%]
0 empty cells

