.4.1..5...12.7.........46.1.....396..8..5....2.7.4...3.....5...36.2.........6....
8.....6.5..56.......9.2........4.8.......8.2.3....9.6.............3........9.....
.........1.7.3..29....2..577.93....28...72......6...8.....8.........3........7...
71...8....8......75.67...........1..9..3....8....7624.....4...3....1.4.6...2.3...
....4........2.........1....2167..3....4...6.......2................8......1.....
...8.........7.........1........82...6.29..84....1........86........2............
..............4........3.....9.2.68.1.....7.37..6.........5................71....
.6.......92........1.9........462....8.....4........5.3...86...8....5.....23.4...
....7................2.8.........98.8..614.3..3......6...46......................
......................69...3......1..9.425..8.84.........2.7................9....
...8.79.....2....8...41...2.2........7.....9....179........8.1........85.......6.
....63................7.........7..22.8.....6.96.4.3.....7........2..............
............9........23........2....73..91.6...13........7.........8.........2...
.....5......7................8.......2...4....4..7912....2.........5........6....
...4.9...4.2.8....1...2.....9425....5....8..6..7...........36.77......2....5...81
...8........6.........3.....7...5......18...38....35.969..2....34..9.6.2.........
.....1........4.............8.6....7.5.4.......2.3........8.2.......25..2.1.....3
....8.........7.53...1.....7...6.1.9....7..3..213.....1.46.........1.94...5..9.8.

0 4 0 1 0 0 5 0 0 . . . 8 0 0 0 0 0 6 0 5 . . . 0 0 0 0 0 0 0 0 0 . . . 7 1 0 0 0 8 0 0 0 
0 1 2 0 7 0 0 0 0 . . . 0 0 5 6 0 0 0 0 0 . . . 1 0 7 0 3 0 0 2 9 . . . 0 8 0 0 0 0 0 0 7 
0 0 0 0 0 4 6 0 1 . . . 0 0 9 0 2 0 0 0 0 . . . 0 0 0 0 2 0 0 5 7 . . . 5 0 6 7 0 0 0 0 0 
0 0 0 0 0 3 9 6 0 . . . 0 0 0 0 4 0 8 0 0 . . . 7 0 9 3 0 0 0 0 2 . . . 0 0 0 0 0 0 1 0 0 
0 8 0 0 5 0 0 0 0 . . . 0 0 0 0 0 8 0 2 0 . . . 8 0 0 0 7 2 0 0 0 . . . 9 0 0 3 0 0 0 0 8 
2 0 7 0 4 0 0 0 3 . . . 3 0 0 0 0 9 0 6 0 . . . 0 0 0 6 0 0 0 8 0 . . . 0 0 0 0 7 6 2 4 0 
0 0 0 0 0 5 0 0 0 0 4 0 0 0 0 0 0 0 0 0 0 8 0 0 0 0 0 0 8 0 0 0 0 0 0 0 0 0 0 0 4 0 0 0 3 
3 6 0 2 0 0 0 0 0 0 2 0 0 0 0 3 0 0 0 0 0 0 7 0 0 0 0 0 0 3 0 0 0 0 0 4 0 0 0 0 1 0 4 0 6 
0 0 0 0 6 0 0 0 0 0 0 1 0 0 0 9 0 0 0 0 0 0 0 1 0 0 0 0 0 7 0 0 0 0 0 3 0 0 0 2 0 3 0 0 0 
. . . . . . 0 2 1 6 7 0 0 3 0 . . . 0 0 0 0 0 8 2 0 0 . . . 0 0 9 0 2 0 6 8 0 . . . . . . 
. . . . . . 0 0 0 4 0 0 0 6 0 . . . 0 6 0 2 9 0 0 8 4 . . . 1 0 0 0 0 0 7 0 3 . . . . . . 
. . . . . . 0 0 0 0 0 0 2 0 0 . . . 0 0 0 0 1 0 0 0 0 . . . 7 0 0 6 0 0 0 0 0 . . . . . . 
0 6 0 0 0 0 0 0 0 0 0 0 0 0 0 0 7 0 0 0 0 0 8 6 0 0 0 0 0 0 0 0 0 0 5 0 0 0 0 8 0 7 9 0 0 
9 2 0 0 0 0 0 0 0 0 0 8 0 0 0 0 0 0 0 0 0 0 0 2 0 0 0 0 0 0 0 0 0 0 0 0 0 0 0 2 0 0 0 0 8 
0 1 0 9 0 0 0 0 0 1 0 0 0 0 0 2 0 8 0 0 0 0 0 0 0 0 0 0 6 9 0 0 0 7 1 0 0 0 0 4 1 0 0 0 2 
0 0 0 4 6 2 0 0 0 . . . 0 0 0 0 0 0 9 8 0 . . . 3 0 0 0 0 0 0 1 0 . . . 0 2 0 0 0 0 0 0 0 
0 8 0 0 0 0 0 4 0 . . . 8 0 0 6 1 4 0 3 0 . . . 0 9 0 4 2 5 0 0 8 . . . 0 7 0 0 0 0 0 9 0 
0 0 0 0 0 0 0 5 0 . . . 0 3 0 0 0 0 0 0 6 . . . 0 8 4 0 0 0 0 0 0 . . . 0 0 0 1 7 9 0 0 0 
3 0 0 0 8 6 0 0 0 0 6 3 0 0 0 4 6 0 0 0 0 0 0 0 0 0 0 2 0 7 0 0 0 0 0 5 0 0 0 0 0 8 0 1 0 
8 0 0 0 0 5 0 0 0 0 0 0 0 0 0 0 0 0 0 0 0 9 0 0 0 0 0 0 0 0 0 0 0 7 0 0 0 0 0 0 0 0 0 8 5 
0 0 2 3 0 4 0 0 0 0 7 0 0 0 0 0 0 0 0 0 0 2 3 0 0 0 0 0 9 0 0 0 0 0 0 0 0 0 0 0 0 0 0 6 0 
. . . . . . 0 0 0 0 0 7 0 0 2 . . . 0 0 0 0 2 0 0 0 0 . . . 0 0 8 0 0 0 0 0 0 . . . . . . 
. . . . . . 2 0 8 0 0 0 0 0 6 . . . 7 3 0 0 9 1 0 6 0 . . . 0 2 0 0 0 4 0 0 0 . . . . . . 
. . . . . . 0 9 6 0 4 0 3 0 0 . . . 0 0 1 3 0 0 0 0 0 . . . 0 4 0 0 7 9 1 2 0 . . . . . . 
0 0 0 4 0 9 0 0 0 7 0 0 0 0 0 8 0 0 0 0 0 7 0 0 0 0 0 0 0 1 0 0 0 2 0 0 0 0 0 0 8 0 0 0 0 
4 0 2 0 8 0 0 0 0 2 0 0 0 0 0 6 0 0 0 0 0 0 8 0 0 0 0 0 0 4 0 0 0 0 5 0 0 0 0 0 0 7 0 5 3 
1 0 0 0 2 0 0 0 0 0 0 0 0 0 0 0 3 0 0 0 0 0 0 2 0 0 0 0 0 0 0 0 0 0 6 0 0 0 0 1 0 0 0 0 0 
0 9 4 2 5 0 0 0 0 . . . 0 7 0 0 0 5 0 0 0 . . . 0 8 0 6 0 0 0 0 7 . . . 7 0 0 0 6 0 1 0 9 
5 0 0 0 0 8 0 0 6 . . . 0 0 0 1 8 0 0 0 3 . . . 0 5 0 4 0 0 0 0 0 . . . 0 0 0 0 7 0 0 3 0 
0 0 7 0 0 0 0 0 0 . . . 8 0 0 0 0 3 5 0 9 . . . 0 0 2 0 3 0 0 0 0 . . . 0 2 1 3 0 0 0 0 0 
0 0 0 0 0 3 6 0 7 . . . 6 9 0 0 2 0 0 0 0 . . . 0 0 0 0 8 0 2 0 0 . . . 1 0 4 6 0 0 0 0 0 
7 0 0 0 0 0 0 2 0 . . . 3 4 0 0 9 0 6 0 2 . . . 0 0 0 0 0 2 5 0 0 . . . 0 0 0 0 1 0 9 4 0 
0 0 0 5 0 0 0 8 1 . . . 0 0 0 0 0 0 0 0 0 . . . 2 0 1 0 0 0 0 0 3 . . . 0 0 5 0 0 9 0 8 0 

.4.1..5..   8.....6.5   .........   71...8...
.12.7....   ..56.....   1.7.3..29   .8......7
.....46.1   ..9.2....   ....2..57   5.67.....
.....396.   ....4.8..   7.93....2   ......1..
.8..5....   .....8.2.   8...72...   9..3....8
2.7.4...3   3....9.6.   ...6...8.   ....7624.
.....5....4..........8......8...........4...3
36.2......2....3......7......3.....4....1.4.6
....6......1...9.......1.....7.....3...2.3...
      .2167..3.   .....82..   ..9.2.68.      
      ...4...6.   .6.29..84   1.....7.3      
      ......2..   ....1....   7..6.....      
.6..............7.....86..........5....8.79..
92.........8...........2...............2....8
.1.9.....1.....2.8..........69...71....41...2
...462...   ......98.   3......1.   .2.......
.8.....4.   8..614.3.   .9.425..8   .7.....9.
.......5.   .3......6   .84......   ...179...
3...86....63...46..........2.7.....5.....8.1.
8....5...............9...........7.........85
..23.4....7..........23.....9..............6.
      .....7..2   ....2....   ..8......      
      2.8.....6   73..91.6.   .2...4...      
      .96.4.3..   ..13.....   .4..7912.      
...4.9...7.....8.....7.......1...2......8....
4.2.8....2.....6......8......4....5......7.53
1...2...........3......2..........6....1.....
.9425....   .7...5...   .8.6....7   7...6.1.9
5....8..6   ...18...3   .5.4.....   ....7..3.
..7......   8....35.9   ..2.3....   .213.....
.....36.7   69..2....   ....8.2..   1.46.....
7......2.   34..9.6.2   .....25..   ....1.94.
...5...81   .........   2.1.....3   ..5..9.8.

1242 total cells
312 filled cells [25%]
930 empty cells

# --------
# solution
# --------

846132579512976348739584621451823967683759214297641853928415736364297185175368492
812793645735614289469825317271546893596138724384279561128457936947362158653981472
294765138157834629683921457719348562836572941425619783571286394942153876368497215
713628954284195367596734812657482139942351678831976245168549723325817496479263581
736549128185326947492781653921675834853492761647813295319257486574968312268134579
936824571158673942472951368719468253563297184284315796325786419897142635641539827
394275168876194325215863479439527681162948753758631942687359214921486537543712896
764528319928631574513947268157462893289153746436879152395786421841295637672314985
486971325312546897579238641167352984895614732234897156758469213941723568623185479
419532687635784921827169543362978415791425368584316792948257136273641859156893274
214857936537296148896413572129384657473625891658179423742568319361942785985731264
421963758637528941985471623354617892278359416196842375812796534569234187743185269
213576948568914273479238156685427391732891465941365782196753824324689517857142639
136895742859742361274631985918326574527184693643579128765218439392457816481963257
675439812432187569189625743394256178521798436867314295218943657753861924946572381
534872196187659324269431857473965281952187463816243579691524738345798612728316945
824391765517864392639275481483659127156427938972138654745983216368712549291546873
439582716816947253257136498743865129968271534521394867194658372682713945375429681

8 4 6 1 3 2 5 7 9 . . . 8 1 2 7 9 3 6 4 5 . . . 2 9 4 7 6 5 1 3 8 . . . 7 1 3 6 2 8 9 5 4 
5 1 2 9 7 6 3 4 8 . . . 7 3 5 6 1 4 2 8 9 . . . 1 5 7 8 3 4 6 2 9 . . . 2 8 4 1 9 5 3 6 7 
7 3 9 5 8 4 6 2 1 . . . 4 6 9 8 2 5 3 1 7 . . . 6 8 3 9 2 1 4 5 7 . . . 5 9 6 7 3 4 8 1 2 
4 5 1 8 2 3 9 6 7 . . . 2 7 1 5 4 6 8 9 3 . . . 7 1 9 3 4 8 5 6 2 . . . 6 5 7 4 8 2 1 3 9 
6 8 3 7 5 9 2 1 4 . . . 5 9 6 1 3 8 7 2 4 . . . 8 3 6 5 7 2 9 4 1 . . . 9 4 2 3 5 1 6 7 8 
2 9 7 6 4 1 8 5 3 . . . 3 8 4 2 7 9 5 6 1 . . . 4 2 5 6 1 9 7 8 3 . . . 8 3 1 9 7 6 2 4 5 
9 2 8 4 1 5 7 3 6 5 4 9 1 2 8 4 5 7 9 3 6 8 2 4 5 7 1 2 8 6 3 9 4 2 7 5 1 6 8 5 4 9 7 2 3 
3 6 4 2 9 7 1 8 5 3 2 6 9 4 7 3 6 2 1 5 8 6 7 3 9 4 2 1 5 3 8 7 6 1 9 4 3 2 5 8 1 7 4 9 6 
1 7 5 3 6 8 4 9 2 7 8 1 6 5 3 9 8 1 4 7 2 9 5 1 3 6 8 4 9 7 2 1 5 8 6 3 4 7 9 2 6 3 5 8 1 
. . . . . . 9 2 1 6 7 5 8 3 4 . . . 7 1 9 4 6 8 2 5 3 . . . 4 3 9 5 2 7 6 8 1 . . . . . . 
. . . . . . 8 5 3 4 9 2 7 6 1 . . . 5 6 3 2 9 7 1 8 4 . . . 1 6 2 9 4 8 7 5 3 . . . . . . 
. . . . . . 6 4 7 8 1 3 2 9 5 . . . 2 8 4 3 1 5 7 9 6 . . . 7 5 8 6 3 1 9 4 2 . . . . . . 
7 6 4 5 2 8 3 1 9 2 5 7 4 8 6 9 7 1 3 2 5 7 8 6 4 1 9 5 3 2 6 8 7 3 5 9 2 1 4 8 5 7 9 3 6 
9 2 8 6 3 1 5 7 4 9 6 8 3 1 2 5 4 6 8 9 7 1 4 2 6 3 5 7 8 4 9 2 1 4 8 6 5 3 7 2 9 6 1 4 8 
5 1 3 9 4 7 2 6 8 1 3 4 5 7 9 2 3 8 6 4 1 5 3 9 8 2 7 1 6 9 5 4 3 7 1 2 8 9 6 4 1 3 5 7 2 
1 5 7 4 6 2 8 9 3 . . . 1 6 7 3 5 2 9 8 4 . . . 3 6 2 9 7 8 4 1 5 . . . 1 2 9 3 8 4 6 5 7 
2 8 9 1 5 3 7 4 6 . . . 8 9 5 6 1 4 7 3 2 . . . 7 9 1 4 2 5 3 6 8 . . . 4 7 3 6 2 5 8 9 1 
4 3 6 8 7 9 1 5 2 . . . 2 3 4 8 9 7 1 5 6 . . . 5 8 4 3 1 6 7 9 2 . . . 6 5 8 1 7 9 4 2 3 
3 9 5 7 8 6 4 2 1 9 6 3 7 5 8 4 6 9 2 1 3 5 7 6 9 4 8 2 5 7 1 3 6 8 9 5 7 4 2 5 6 8 3 1 9 
8 4 1 2 9 5 6 3 7 5 2 8 9 4 1 7 2 3 5 6 8 9 1 4 2 7 3 6 4 1 8 5 9 7 4 2 3 6 1 9 4 2 7 8 5 
6 7 2 3 1 4 9 8 5 4 7 1 6 2 3 1 8 5 4 7 9 2 3 8 1 5 6 8 9 3 2 7 4 6 3 1 9 8 5 7 3 1 2 6 4 
. . . . . . 3 5 4 6 1 7 8 9 2 . . . 6 8 5 4 2 7 3 9 1 . . . 9 1 8 3 2 6 5 7 4 . . . . . . 
. . . . . . 2 7 8 3 5 9 4 1 6 . . . 7 3 2 8 9 1 4 6 5 . . . 5 2 7 1 8 4 6 9 3 . . . . . . 
. . . . . . 1 9 6 8 4 2 3 7 5 . . . 9 4 1 3 6 5 7 8 2 . . . 6 4 3 5 7 9 1 2 8 . . . . . . 
6 7 5 4 3 9 8 1 2 7 9 6 5 3 4 8 7 2 1 9 6 7 5 3 8 2 4 3 9 1 7 6 5 2 1 8 4 3 9 5 8 2 7 1 6 
4 3 2 1 8 7 5 6 9 2 3 4 1 8 7 6 5 9 3 2 4 6 8 9 5 1 7 8 6 4 3 9 2 4 5 7 8 1 6 9 4 7 2 5 3 
1 8 9 6 2 5 7 4 3 1 8 5 2 6 9 4 3 1 8 5 7 1 4 2 6 3 9 2 7 5 4 8 1 9 6 3 2 5 7 1 3 6 4 9 8 
3 9 4 2 5 6 1 7 8 . . . 4 7 3 9 6 5 2 8 1 . . . 4 8 3 6 5 9 1 2 7 . . . 7 4 3 8 6 5 1 2 9 
5 2 1 7 9 8 4 3 6 . . . 9 5 2 1 8 7 4 6 3 . . . 1 5 6 4 2 7 9 3 8 . . . 9 6 8 2 7 1 5 3 4 
8 6 7 3 1 4 2 9 5 . . . 8 1 6 2 4 3 5 7 9 . . . 9 7 2 1 3 8 6 5 4 . . . 5 2 1 3 9 4 8 6 7 
2 1 8 9 4 3 6 5 7 . . . 6 9 1 5 2 4 7 3 8 . . . 7 4 5 9 8 3 2 1 6 . . . 1 9 4 6 5 8 3 7 2 
7 5 3 8 6 1 9 2 4 . . . 3 4 5 7 9 8 6 1 2 . . . 3 6 8 7 1 2 5 4 9 . . . 6 8 2 7 1 3 9 4 5 
9 4 6 5 7 2 3 8 1 . . . 7 2 8 3 1 6 9 4 5 . . . 2 9 1 5 4 6 8 7 3 . . . 3 7 5 4 2 9 6 8 1 

846132579   812793645   294765138   713628954
512976348   735614289   157834629   284195367
739584621   469825317   683921457   596734812
451823967   271546893   719348562   657482139
683759214   596138724   836572941   942351678
297641853   384279561   425619783   831976245
928415736549128457936824571286394275168549723
364297185326947362158673942153876194325817496
175368492781653981472951368497215863479263581
      921675834   719468253   439527681      
      853492761   563297184   162948753      
      647813295   284315796   758631942      
764528319257486971325786419532687359214857936
928631574968312546897142635784921486537296148
513947268134579238641539827169543712896413572
157462893   167352984   362978415   129384657
289153746   895614732   791425368   473625891
436879152   234897156   584316792   658179423
395786421963758469213576948257136895742568319
841295637528941723568914273641859742361942785
672314985471623185479238156893274631985731264
      354617892   685427391   918326574      
      278359416   732891465   527184693      
      196842375   941365782   643579128      
675439812796534872196753824391765218439582716
432187569234187659324689517864392457816947253
189625743185269431857142639275481963257136498
394256178   473965281   483659127   743865129
521798436   952187463   156427938   968271534
867314295   816243579   972138654   521394867
218943657   691524738   745983216   194658372
753861924   345798612   368712549   682713945
946572381   728316945   291546873   375429681

1242 total cells
1242 filled cells [100%]
0 empty cells

