.5....96.1..4..7..3.....2.4...94...58..1.....62...8.1...8.................1.3...8
...67.25....3....65.6..........92.3.3....1......8...........375...4....29....64..
...............3...3...8.....5.....................9.....4...1...7...............
..81....56....8...259...........7......2....7.1.85..........8.47....4....64.85...
4...1.3.................6...7.2...86.....7..59...54...8.9.....7..2..8..3.57....2.

. . . 0 5 0 0 0 0 9 6 0 . . . . . . . . . 
. . . 1 0 0 4 0 0 7 0 0 . . . . . . . . . 
. . . 3 0 0 0 0 0 2 0 4 . . . . . . . . . 
. . . 0 0 0 9 4 0 0 0 5 0 0 0 6 7 0 2 5 0 
. . . 8 0 0 1 0 0 0 0 0 0 0 0 3 0 0 0 0 6 
. . . 6 2 0 0 0 8 0 1 0 5 0 6 0 0 0 0 0 0 
. . . 0 0 8 0 0 0 0 0 0 0 0 0 0 9 2 0 3 0 
. . . 0 0 0 0 0 0 0 0 0 3 0 0 0 0 1 0 0 0 
. . . 0 0 1 0 3 0 0 0 8 0 0 0 8 0 0 0 0 0 
0 0 8 1 0 0 0 0 5 0 0 0 0 0 0 0 0 0 3 7 5 
6 0 0 0 0 8 0 0 0 0 0 0 0 0 0 4 0 0 0 0 2 
2 5 9 0 0 0 0 0 0 0 0 0 9 0 0 0 0 6 4 0 0 
0 0 0 0 0 7 0 0 0 4 0 0 0 1 0 3 0 0 . . . 
0 0 0 2 0 0 0 0 7 0 0 0 0 0 0 0 0 0 . . . 
0 1 0 8 5 0 0 0 0 0 0 0 0 0 0 6 0 0 . . . 
0 0 0 0 0 0 8 0 4 0 7 0 2 0 0 0 8 6 . . . 
7 0 0 0 0 4 0 0 0 0 0 0 0 0 7 0 0 5 . . . 
0 6 4 0 8 5 0 0 0 9 0 0 0 5 4 0 0 0 . . . 
. . . . . . . . . 8 0 9 0 0 0 0 0 7 . . . 
. . . . . . . . . 0 0 2 0 0 8 0 0 3 . . . 
. . . . . . . . . 0 5 7 0 0 0 0 2 0 . . . 

   .5....96.         
   1..4..7..         
   3.....2.4         
   ...94...5...67.25.
   8..1........3....6
   62...8.1.5.6......
   ..8..........92.3.
   .........3....1...
   ..1.3...8...8.....
..81....5.........375
6....8.........4....2
259.........9....64..
.....7...4...1.3..   
...2....7.........   
.1.85..........6..   
......8.4.7.2...86   
7....4........7..5   
.64.85...9...54...   
         8.9.....7   
         ..2..8..3   
         .57....2.   

333 total cells
88 filled cells [26%]
245 empty cells

# --------
# solution
# --------

254783961186492753397615284713946825845127396629358417478569132532871649961234578
819674253742385196536129784487592631325761849691843527264918375158437962973256418
569132487871649325234578691795813264423967158186254973358496712917325846642781539
438162795671598423259743186926417358845236917317859642592671834783924561164385279
496712358325846719781539642573291486214687935968354271839425167642178593157963824

. . . 2 5 4 7 8 3 9 6 1 . . . . . . . . . 
. . . 1 8 6 4 9 2 7 5 3 . . . . . . . . . 
. . . 3 9 7 6 1 5 2 8 4 . . . . . . . . . 
. . . 7 1 3 9 4 6 8 2 5 8 1 9 6 7 4 2 5 3 
. . . 8 4 5 1 2 7 3 9 6 7 4 2 3 8 5 1 9 6 
. . . 6 2 9 3 5 8 4 1 7 5 3 6 1 2 9 7 8 4 
. . . 4 7 8 5 6 9 1 3 2 4 8 7 5 9 2 6 3 1 
. . . 5 3 2 8 7 1 6 4 9 3 2 5 7 6 1 8 4 9 
. . . 9 6 1 2 3 4 5 7 8 6 9 1 8 4 3 5 2 7 
4 3 8 1 6 2 7 9 5 8 1 3 2 6 4 9 1 8 3 7 5 
6 7 1 5 9 8 4 2 3 9 6 7 1 5 8 4 3 7 9 6 2 
2 5 9 7 4 3 1 8 6 2 5 4 9 7 3 2 5 6 4 1 8 
9 2 6 4 1 7 3 5 8 4 9 6 7 1 2 3 5 8 . . . 
8 4 5 2 3 6 9 1 7 3 2 5 8 4 6 7 1 9 . . . 
3 1 7 8 5 9 6 4 2 7 8 1 5 3 9 6 4 2 . . . 
5 9 2 6 7 1 8 3 4 5 7 3 2 9 1 4 8 6 . . . 
7 8 3 9 2 4 5 6 1 2 1 4 6 8 7 9 3 5 . . . 
1 6 4 3 8 5 2 7 9 9 6 8 3 5 4 2 7 1 . . . 
. . . . . . . . . 8 3 9 4 2 5 1 6 7 . . . 
. . . . . . . . . 6 4 2 1 7 8 5 9 3 . . . 
. . . . . . . . . 1 5 7 9 6 3 8 2 4 . . . 

   254783961         
   186492753         
   397615284         
   713946825819674253
   845127396742385196
   629358417536129784
   478569132487592631
   532871649325761849
   961234578691843527
438162795813264918375
671598423967158437962
259743186254973256418
926417358496712358   
845236917325846719   
317859642781539642   
592671834573291486   
783924561214687935   
164385279968354271   
         839425167   
         642178593   
         157963824   

333 total cells
333 filled cells [100%]
0 empty cells

