.5.....8.32.1..4.9...2.6...1.....7..495.....2.....51....8....1.5.........3..8.9.5
.2..15.8.8...4..31..1.6..........12.4...........1..4..6..3.1.4...7.....82...9..1.
....1..........4...8.9.5.....2...6..8.......7..7...2.....5.2.9...8..........3....
.9..3...27.....8...5.4.8..7..7..3...........8.36..........9.6..17..6...4.4.85..3.
5.2.9..6.........8.3....7....14.....8.....153..6.....9...2.9...6.5..4.92.9.....7.

. . . 0 5 0 0 0 0 0 8 0 . . . . . . . . . 
. . . 3 2 0 1 0 0 4 0 9 . . . . . . . . . 
. . . 0 0 0 2 0 6 0 0 0 . . . . . . . . . 
. . . 1 0 0 0 0 0 7 0 0 0 2 0 0 1 5 0 8 0 
. . . 4 9 5 0 0 0 0 0 2 8 0 0 0 4 0 0 3 1 
. . . 0 0 0 0 0 5 1 0 0 0 0 1 0 6 0 0 0 0 
. . . 0 0 8 0 0 0 0 1 0 0 0 0 0 0 0 1 2 0 
. . . 5 0 0 0 0 0 0 0 0 4 0 0 0 0 0 0 0 0 
. . . 0 3 0 0 8 0 9 0 5 0 0 0 1 0 0 4 0 0 
0 9 0 0 3 0 0 0 2 0 0 0 6 0 0 3 0 1 0 4 0 
7 0 0 0 0 0 8 0 0 0 0 0 0 0 7 0 0 0 0 0 8 
0 5 0 4 0 8 0 0 7 0 0 0 2 0 0 0 9 0 0 1 0 
0 0 7 0 0 3 0 0 0 5 0 2 0 9 0 0 6 0 . . . 
0 0 0 0 0 0 0 0 8 0 0 0 0 0 0 0 0 8 . . . 
0 3 6 0 0 0 0 0 0 0 3 0 0 0 0 7 0 0 . . . 
0 0 0 0 9 0 6 0 0 0 0 1 4 0 0 0 0 0 . . . 
1 7 0 0 6 0 0 0 4 8 0 0 0 0 0 1 5 3 . . . 
0 4 0 8 5 0 0 3 0 0 0 6 0 0 0 0 0 9 . . . 
. . . . . . . . . 0 0 0 2 0 9 0 0 0 . . . 
. . . . . . . . . 6 0 5 0 0 4 0 9 2 . . . 
. . . . . . . . . 0 9 0 0 0 0 0 7 0 . . . 

   .5.....8.         
   32.1..4.9         
   ...2.6...         
   1.....7...2..15.8.
   495.....28...4..31
   .....51....1.6....
   ..8....1.......12.
   5........4........
   .3..8.9.5...1..4..
.9..3...2...6..3.1.4.
7.....8.......7.....8
.5.4.8..7...2...9..1.
..7..3...5.2.9..6.   
........8........8   
.36.......3....7..   
....9.6....14.....   
17..6...48.....153   
.4.85..3...6.....9   
         ...2.9...   
         6.5..4.92   
         .9.....7.   

333 total cells
96 filled cells [28%]
237 empty cells

# --------
# solution
# --------

751493286326158479849276531183962754495317862672845193968524317514739628237681945
723915684896742531541863972968457123415239867372186459689371245157624398234598716
524317968739628415681945372152473689843296157967851234416582793398764521275139846
498637152761925843253418967927583416514276398836149275385794621179362584642851739
582793461764521938139846725921435687847962153356187249478259316615374892293618574

. . . 7 5 1 4 9 3 2 8 6 . . . . . . . . . 
. . . 3 2 6 1 5 8 4 7 9 . . . . . . . . . 
. . . 8 4 9 2 7 6 5 3 1 . . . . . . . . . 
. . . 1 8 3 9 6 2 7 5 4 7 2 3 9 1 5 6 8 4 
. . . 4 9 5 3 1 7 8 6 2 8 9 6 7 4 2 5 3 1 
. . . 6 7 2 8 4 5 1 9 3 5 4 1 8 6 3 9 7 2 
. . . 9 6 8 5 2 4 3 1 7 9 6 8 4 5 7 1 2 3 
. . . 5 1 4 7 3 9 6 2 8 4 1 5 2 3 9 8 6 7 
. . . 2 3 7 6 8 1 9 4 5 3 7 2 1 8 6 4 5 9 
4 9 8 6 3 7 1 5 2 4 7 3 6 8 9 3 7 1 2 4 5 
7 6 1 9 2 5 8 4 3 2 9 6 1 5 7 6 2 4 3 9 8 
2 5 3 4 1 8 9 6 7 8 5 1 2 3 4 5 9 8 7 1 6 
9 2 7 5 8 3 4 1 6 5 8 2 7 9 3 4 6 1 . . . 
5 1 4 2 7 6 3 9 8 7 6 4 5 2 1 9 3 8 . . . 
8 3 6 1 4 9 2 7 5 1 3 9 8 4 6 7 2 5 . . . 
3 8 5 7 9 4 6 2 1 9 2 1 4 3 5 6 8 7 . . . 
1 7 9 3 6 2 5 8 4 8 4 7 9 6 2 1 5 3 . . . 
6 4 2 8 5 1 7 3 9 3 5 6 1 8 7 2 4 9 . . . 
. . . . . . . . . 4 7 8 2 5 9 3 1 6 . . . 
. . . . . . . . . 6 1 5 3 7 4 8 9 2 . . . 
. . . . . . . . . 2 9 3 6 1 8 5 7 4 . . . 

   751493286         
   326158479         
   849276531         
   183962754723915684
   495317862896742531
   672845193541863972
   968524317968457123
   514739628415239867
   237681945372186459
498637152473689371245
761925843296157624398
253418967851234598716
927583416582793461   
514276398764521938   
836149275139846725   
385794621921435687   
179362584847962153   
642851739356187249   
         478259316   
         615374892   
         293618574   

333 total cells
333 filled cells [100%]
0 empty cells

