.13..6...8.6.9.4....58..6...7.4..........814.15..3...2.........5......8.......3.9
.7.1...6....2.4..3......972.....81.....3...8.....5...79...8.42..2..4....4..9.....
.............8.......3.9.....7...9...4..7..2...6...4.....6.8.......2.............
.....6..7....2..4..39.1...61...8.....5...9.....61.....317......4..9.1....2...8.6.
6.8.......2......6.........2...1..78.816..........9.2...5..72....4.6.5.3...5..96.

. . . 0 1 3 0 0 6 0 0 0 . . . . . . . . . 
. . . 8 0 6 0 9 0 4 0 0 . . . . . . . . . 
. . . 0 0 5 8 0 0 6 0 0 . . . . . . . . . 
. . . 0 7 0 4 0 0 0 0 0 0 7 0 1 0 0 0 6 0 
. . . 0 0 0 0 0 8 1 4 0 0 0 0 2 0 4 0 0 3 
. . . 1 5 0 0 3 0 0 0 2 0 0 0 0 0 0 9 7 2 
. . . 0 0 0 0 0 0 0 0 0 0 0 0 0 0 8 1 0 0 
. . . 5 0 0 0 0 0 0 8 0 0 0 0 3 0 0 0 8 0 
. . . 0 0 0 0 0 0 3 0 9 0 0 0 0 5 0 0 0 7 
0 0 0 0 0 6 0 0 7 0 0 0 9 0 0 0 8 0 4 2 0 
0 0 0 0 2 0 0 4 0 0 7 0 0 2 0 0 4 0 0 0 0 
0 3 9 0 1 0 0 0 6 0 0 0 4 0 0 9 0 0 0 0 0 
1 0 0 0 8 0 0 0 0 6 0 8 0 0 0 0 0 0 . . . 
0 5 0 0 0 9 0 0 0 0 2 0 0 0 0 0 0 6 . . . 
0 0 6 1 0 0 0 0 0 0 0 0 0 0 0 0 0 0 . . . 
3 1 7 0 0 0 0 0 0 2 0 0 0 1 0 0 7 8 . . . 
4 0 0 9 0 1 0 0 0 0 8 1 6 0 0 0 0 0 . . . 
0 2 0 0 0 8 0 6 0 0 0 0 0 0 9 0 2 0 . . . 
. . . . . . . . . 0 0 5 0 0 7 2 0 0 . . . 
. . . . . . . . . 0 0 4 0 6 0 5 0 3 . . . 
. . . . . . . . . 0 0 0 5 0 0 9 6 0 . . . 

   .13..6...         
   8.6.9.4..         
   ..58..6..         
   .7.4......7.1...6.
   .....814....2.4..3
   15..3...2......972
   ..............81..
   5......8....3...8.
   ......3.9....5...7
.....6..7...9...8.42.
....2..4..7..2..4....
.39.1...6...4..9.....
1...8....6.8......   
.5...9....2......6   
..61..............   
317......2...1..78   
4..9.1....816.....   
.2...8.6......9.2.   
         ..5..72..   
         ..4.6.5.3   
         ...5..96.   

333 total cells
93 filled cells [27%]
240 empty cells

# --------
# solution
# --------

713246598826395417495817623678421935932578146154639872369182754547963281281754369
372195864896274513154863972639728145745319286281456397963587421528641739417932658
182754639963281745754369281517842963349176528826935417435698172671523894298417356
284396517671825349539714826192687435853249671746153298317562984468931752925478163
698172354523894716417356892259413678781625439346789125865937241974261583132548967

. . . 7 1 3 2 4 6 5 9 8 . . . . . . . . . 
. . . 8 2 6 3 9 5 4 1 7 . . . . . . . . . 
. . . 4 9 5 8 1 7 6 2 3 . . . . . . . . . 
. . . 6 7 8 4 2 1 9 3 5 3 7 2 1 9 5 8 6 4 
. . . 9 3 2 5 7 8 1 4 6 8 9 6 2 7 4 5 1 3 
. . . 1 5 4 6 3 9 8 7 2 1 5 4 8 6 3 9 7 2 
. . . 3 6 9 1 8 2 7 5 4 6 3 9 7 2 8 1 4 5 
. . . 5 4 7 9 6 3 2 8 1 7 4 5 3 1 9 2 8 6 
. . . 2 8 1 7 5 4 3 6 9 2 8 1 4 5 6 3 9 7 
2 8 4 3 9 6 5 1 7 8 4 2 9 6 3 5 8 7 4 2 1 
6 7 1 8 2 5 3 4 9 1 7 6 5 2 8 6 4 1 7 3 9 
5 3 9 7 1 4 8 2 6 9 3 5 4 1 7 9 3 2 6 5 8 
1 9 2 6 8 7 4 3 5 6 9 8 1 7 2 3 5 4 . . . 
8 5 3 2 4 9 6 7 1 5 2 3 8 9 4 7 1 6 . . . 
7 4 6 1 5 3 2 9 8 4 1 7 3 5 6 8 9 2 . . . 
3 1 7 5 6 2 9 8 4 2 5 9 4 1 3 6 7 8 . . . 
4 6 8 9 3 1 7 5 2 7 8 1 6 2 5 4 3 9 . . . 
9 2 5 4 7 8 1 6 3 3 4 6 7 8 9 1 2 5 . . . 
. . . . . . . . . 8 6 5 9 3 7 2 4 1 . . . 
. . . . . . . . . 9 7 4 2 6 1 5 8 3 . . . 
. . . . . . . . . 1 3 2 5 4 8 9 6 7 . . . 

   713246598         
   826395417         
   495817623         
   678421935372195864
   932578146896274513
   154639872154863972
   369182754639728145
   547963281745319286
   281754369281456397
284396517842963587421
671825349176528641739
539714826935417932658
192687435698172354   
853249671523894716   
746153298417356892   
317562984259413678   
468931752781625439   
925478163346789125   
         865937241   
         974261583   
         132548967   

333 total cells
333 filled cells [100%]
0 empty cells

