4...3...92....576.6...7925..3.58...2.76......9...6.47.7.........4.......369......
1.49..57332..71...7...6.........3......7.89.6......72....4..16....2..84......9..7
.................................................................................
9..6......24..9....18..4....96......4.23.5......4.........4...8...76..53269..37.4
......431.......6.........5.35.1...7......59.9...83.4..4685...2.926....45...7...9

. . . 4 0 0 0 3 0 0 0 9 . . . . . . . . . 
. . . 2 0 0 0 0 5 7 6 0 . . . . . . . . . 
. . . 6 0 0 0 7 9 2 5 0 . . . . . . . . . 
. . . 0 3 0 5 8 0 0 0 2 1 0 4 9 0 0 5 7 3 
. . . 0 7 6 0 0 0 0 0 0 3 2 0 0 7 1 0 0 0 
. . . 9 0 0 0 6 0 4 7 0 7 0 0 0 6 0 0 0 0 
. . . 7 0 0 0 0 0 0 0 0 0 0 0 0 0 3 0 0 0 
. . . 0 4 0 0 0 0 0 0 0 0 0 0 7 0 8 9 0 6 
. . . 3 6 9 0 0 0 0 0 0 0 0 0 0 0 0 7 2 0 
9 0 0 6 0 0 0 0 0 0 0 0 0 0 0 4 0 0 1 6 0 
0 2 4 0 0 9 0 0 0 0 0 0 0 0 0 2 0 0 8 4 0 
0 1 8 0 0 4 0 0 0 0 0 0 0 0 0 0 0 9 0 0 7 
0 9 6 0 0 0 0 0 0 0 0 0 0 0 0 4 3 1 . . . 
4 0 2 3 0 5 0 0 0 0 0 0 0 0 0 0 6 0 . . . 
0 0 0 4 0 0 0 0 0 0 0 0 0 0 0 0 0 5 . . . 
0 0 0 0 4 0 0 0 8 0 3 5 0 1 0 0 0 7 . . . 
0 0 0 7 6 0 0 5 3 0 0 0 0 0 0 5 9 0 . . . 
2 6 9 0 0 3 7 0 4 9 0 0 0 8 3 0 4 0 . . . 
. . . . . . . . . 0 4 6 8 5 0 0 0 2 . . . 
. . . . . . . . . 0 9 2 6 0 0 0 0 4 . . . 
. . . . . . . . . 5 0 0 0 7 0 0 0 9 . . . 

   4...3...9         
   2....576.         
   6...7925.         
   .3.58...21.49..573
   .76......32..71...
   9...6.47.7...6....
   7.............3...
   .4..........7.89.6
   369............72.
9..6...........4..16.
.24..9.........2..84.
.18..4...........9..7
.96............431   
4.23.5..........6.   
...4.............5   
....4...8.35.1...7   
...76..53......59.   
269..37.49...83.4.   
         .4685...2   
         .926....4   
         5...7...9   

333 total cells
108 filled cells [32%]
225 empty cells

# --------
# solution
# --------

457236189298145763613879254134587692876492315925361478782913546541628937369754821
164982573328571694795364281872693415451728936639145728983457162517236849246819357
913546872628937451754821639142765983386492517597183246431259768869374125275618394
935678142724159386618234597596827431472315869183496275357941628841762953269583714
259768431374125968618394725435916287861247593927583146146859372792631854583472619

. . . 4 5 7 2 3 6 1 8 9 . . . . . . . . . 
. . . 2 9 8 1 4 5 7 6 3 . . . . . . . . . 
. . . 6 1 3 8 7 9 2 5 4 . . . . . . . . . 
. . . 1 3 4 5 8 7 6 9 2 1 6 4 9 8 2 5 7 3 
. . . 8 7 6 4 9 2 3 1 5 3 2 8 5 7 1 6 9 4 
. . . 9 2 5 3 6 1 4 7 8 7 9 5 3 6 4 2 8 1 
. . . 7 8 2 9 1 3 5 4 6 8 7 2 6 9 3 4 1 5 
. . . 5 4 1 6 2 8 9 3 7 4 5 1 7 2 8 9 3 6 
. . . 3 6 9 7 5 4 8 2 1 6 3 9 1 4 5 7 2 8 
9 3 5 6 7 8 1 4 2 7 6 5 9 8 3 4 5 7 1 6 2 
7 2 4 1 5 9 3 8 6 4 9 2 5 1 7 2 3 6 8 4 9 
6 1 8 2 3 4 5 9 7 1 8 3 2 4 6 8 1 9 3 5 7 
5 9 6 8 2 7 4 3 1 2 5 9 7 6 8 4 3 1 . . . 
4 7 2 3 1 5 8 6 9 3 7 4 1 2 5 9 6 8 . . . 
1 8 3 4 9 6 2 7 5 6 1 8 3 9 4 7 2 5 . . . 
3 5 7 9 4 1 6 2 8 4 3 5 9 1 6 2 8 7 . . . 
8 4 1 7 6 2 9 5 3 8 6 1 2 4 7 5 9 3 . . . 
2 6 9 5 8 3 7 1 4 9 2 7 5 8 3 1 4 6 . . . 
. . . . . . . . . 1 4 6 8 5 9 3 7 2 . . . 
. . . . . . . . . 7 9 2 6 3 1 8 5 4 . . . 
. . . . . . . . . 5 8 3 4 7 2 6 1 9 . . . 

   457236189         
   298145763         
   613879254         
   134587692164982573
   876492315328571694
   925361478795364281
   782913546872693415
   541628937451728936
   369754821639145728
935678142765983457162
724159386492517236849
618234597183246819357
596827431259768431   
472315869374125968   
183496275618394725   
357941628435916287   
841762953861247593   
269583714927583146   
         146859372   
         792631854   
         583472619   

333 total cells
333 filled cells [100%]
0 empty cells

