6.....813.18.2....5.................8.7..5...15.6........31.....6.....8.....7....
...........5....3.6........31.....7.....8.....7.....52........6.6....7...........
....7.....8.....9.....52........6.23...7..6.1.................6....3.91.765.....2

6 0 0 0 0 0 8 1 3 . . . . . . 
0 1 8 0 2 0 0 0 0 . . . . . . 
5 0 0 0 0 0 0 0 0 . . . . . . 
0 0 0 0 0 0 0 0 0 0 0 0 . . . 
8 0 7 0 0 5 0 0 0 0 3 0 . . . 
1 5 0 6 0 0 0 0 0 0 0 0 . . . 
0 0 0 3 1 0 0 0 0 0 7 0 0 0 0 
0 6 0 0 0 0 0 8 0 0 0 0 0 9 0 
0 0 0 0 7 0 0 0 0 0 5 2 0 0 0 
. . . 0 0 0 0 0 0 0 0 6 0 2 3 
. . . 0 6 0 0 0 0 7 0 0 6 0 1 
. . . 0 0 0 0 0 0 0 0 0 0 0 0 
. . . . . . 0 0 0 0 0 0 0 0 6 
. . . . . . 0 0 0 0 3 0 9 1 0 
. . . . . . 7 6 5 0 0 0 0 0 2 

6.....813      
.18.2....      
5........      
............   
8.7..5....3.   
15.6........   
...31.....7....
.6.....8.....9.
....7.....52...
   ........6.23
   .6....7..6.1
   ............
      ........6
      ....3.91.
      765.....2

171 total cells
39 filled cells [22%]
132 empty cells

# --------
# solution
# --------

624597813918423576573168924496781235837245169152639748789314652361952487245876391
781235649245169837639748215314652978952487361876391452523974186168523794497816523
652978134487361295391452768974186523523794681816523479139247856248635917765819342

6 2 4 5 9 7 8 1 3 . . . . . . 
9 1 8 4 2 3 5 7 6 . . . . . . 
5 7 3 1 6 8 9 2 4 . . . . . . 
4 9 6 7 8 1 2 3 5 6 4 9 . . . 
8 3 7 2 4 5 1 6 9 8 3 7 . . . 
1 5 2 6 3 9 7 4 8 2 1 5 . . . 
7 8 9 3 1 4 6 5 2 9 7 8 1 3 4 
3 6 1 9 5 2 4 8 7 3 6 1 2 9 5 
2 4 5 8 7 6 3 9 1 4 5 2 7 6 8 
. . . 5 2 3 9 7 4 1 8 6 5 2 3 
. . . 1 6 8 5 2 3 7 9 4 6 8 1 
. . . 4 9 7 8 1 6 5 2 3 4 7 9 
. . . . . . 1 3 9 2 4 7 8 5 6 
. . . . . . 2 4 8 6 3 5 9 1 7 
. . . . . . 7 6 5 8 1 9 3 4 2 

624597813      
918423576      
573168924      
496781235649   
837245169837   
152639748215   
789314652978134
361952487361295
245876391452768
   523974186523
   168523794681
   497816523479
      139247856
      248635917
      765819342

171 total cells
171 filled cells [100%]
0 empty cells

