7.3..84....69.3...1....6.7.......................................................
...........5......6........827................9.......25................3.8......
......8.3................75.......1................267........6......7...........
.......................................................5.6....3...8.52....73..8.9

. . . 7 0 3 0 0 8 4 0 0 . . . 
. . . 0 0 6 9 0 3 0 0 0 . . . 
. . . 1 0 0 0 0 6 0 7 0 . . . 
0 0 0 0 0 0 0 0 0 0 0 0 8 0 3 
0 0 5 0 0 0 0 0 0 0 0 0 0 0 0 
6 0 0 0 0 0 0 0 0 0 0 0 0 7 5 
8 2 7 0 0 0 0 0 0 0 0 0 0 1 0 
0 0 0 0 0 0 0 0 0 0 0 0 0 0 0 
0 9 0 0 0 0 0 0 0 0 0 0 2 6 7 
2 5 0 0 0 0 0 0 0 0 0 0 0 0 6 
0 0 0 0 0 0 0 0 0 0 0 0 7 0 0 
3 0 8 0 0 0 0 0 0 0 0 0 0 0 0 
. . . 0 5 0 6 0 0 0 0 3 . . . 
. . . 0 0 0 8 0 5 2 0 0 . . . 
. . . 0 0 7 3 0 0 8 0 9 . . . 

   7.3..84..   
   ..69.3...   
   1....6.7.   
............8.3
..5............
6............75
827..........1.
...............
.9..........267
25............6
............7..
3.8............
   .5.6....3   
   ...8.52..   
   ..73..8.9   

189 total cells
40 filled cells [21%]
149 empty cells

# --------
# solution
# --------

723158496846973521195246378238695147461327859957814263314569782589732614672481935
714238695985461327632957814827314569146589732593672481251846973469723158378195246
695147823327859641814263975569782314732614598481935267973521486158496732246378159
314569782589732614672481935846973521723158496195246378958627143431895267267314859

. . . 7 2 3 1 5 8 4 9 6 . . . 
. . . 8 4 6 9 7 3 5 2 1 . . . 
. . . 1 9 5 2 4 6 3 7 8 . . . 
7 1 4 2 3 8 6 9 5 1 4 7 8 2 3 
9 8 5 4 6 1 3 2 7 8 5 9 6 4 1 
6 3 2 9 5 7 8 1 4 2 6 3 9 7 5 
8 2 7 3 1 4 5 6 9 7 8 2 3 1 4 
1 4 6 5 8 9 7 3 2 6 1 4 5 9 8 
5 9 3 6 7 2 4 8 1 9 3 5 2 6 7 
2 5 1 8 4 6 9 7 3 5 2 1 4 8 6 
4 6 9 7 2 3 1 5 8 4 9 6 7 3 2 
3 7 8 1 9 5 2 4 6 3 7 8 1 5 9 
. . . 9 5 8 6 2 7 1 4 3 . . . 
. . . 4 3 1 8 9 5 2 6 7 . . . 
. . . 2 6 7 3 1 4 8 5 9 . . . 

   723158496   
   846973521   
   195246378   
714238695147823
985461327859641
632957814263975
827314569782314
146589732614598
593672481935267
251846973521486
469723158496732
378195246378159
   958627143   
   431895267   
   267314859   

189 total cells
189 filled cells [100%]
0 empty cells

