..739...5..31.7...91.4..7........................................................
4...................6.......8.......1........349......91.........4........8......
......6........8.........73......317........2.......8.......7...................9
........................................................6..4.87...5.31..1...784..

. . . 0 0 7 3 9 0 0 0 5 . . . 
. . . 0 0 3 1 0 7 0 0 0 . . . 
. . . 9 1 0 4 0 0 7 0 0 . . . 
4 0 0 0 0 0 0 0 0 0 0 0 6 0 0 
0 0 0 0 0 0 0 0 0 0 0 0 8 0 0 
0 0 6 0 0 0 0 0 0 0 0 0 0 7 3 
0 8 0 0 0 0 0 0 0 0 0 0 3 1 7 
1 0 0 0 0 0 0 0 0 0 0 0 0 0 2 
3 4 9 0 0 0 0 0 0 0 0 0 0 8 0 
9 1 0 0 0 0 0 0 0 0 0 0 7 0 0 
0 0 4 0 0 0 0 0 0 0 0 0 0 0 0 
0 0 8 0 0 0 0 0 0 0 0 0 0 0 9 
. . . 0 0 6 0 0 4 0 8 7 . . . 
. . . 0 0 0 5 0 3 1 0 0 . . . 
. . . 1 0 0 0 7 8 4 0 0 . . . 

   ..739...5   
   ..31.7...   
   91.4..7..   
4...........6..
............8..
..6..........73
.8..........317
1.............2
349..........8.
91..........7..
..4............
..8...........9
   ..6..4.87   
   ...5.31..   
   1...784..   

189 total cells
44 filled cells [23%]
145 empty cells

# --------
# solution
# --------

247396815683157942915482763126578439854963127379214586731649258492835671568721394
493126578271854963856379214582731649167492835349568721915647382734285196628913457
578439621963127845214586973649258317835671492721394586382915764196743258457862139
731649258492835671568721394647382915285196743913457862326914587874563129159278436

. . . 2 4 7 3 9 6 8 1 5 . . . 
. . . 6 8 3 1 5 7 9 4 2 . . . 
. . . 9 1 5 4 8 2 7 6 3 . . . 
4 9 3 1 2 6 5 7 8 4 3 9 6 2 1 
2 7 1 8 5 4 9 6 3 1 2 7 8 4 5 
8 5 6 3 7 9 2 1 4 5 8 6 9 7 3 
5 8 2 7 3 1 6 4 9 2 5 8 3 1 7 
1 6 7 4 9 2 8 3 5 6 7 1 4 9 2 
3 4 9 5 6 8 7 2 1 3 9 4 5 8 6 
9 1 5 6 4 7 3 8 2 9 1 5 7 6 4 
7 3 4 2 8 5 1 9 6 7 4 3 2 5 8 
6 2 8 9 1 3 4 5 7 8 6 2 1 3 9 
. . . 3 2 6 9 1 4 5 8 7 . . . 
. . . 8 7 4 5 6 3 1 2 9 . . . 
. . . 1 5 9 2 7 8 4 3 6 . . . 

   247396815   
   683157942   
   915482763   
493126578439621
271854963127845
856379214586973
582731649258317
167492835671492
349568721394586
915647382915764
734285196743258
628913457862139
   326914587   
   874563129   
   159278436   

189 total cells
189 filled cells [100%]
0 empty cells

