..5..2..93...462.52..3.1.........................................................
72.................1.......157.......8.........3......2..................38......
......89..................4......6.........5.......179.......4.................26
.........................................................5.4..39.127...45..6..1..

. . . 0 0 5 0 0 2 0 0 9 . . . 
. . . 3 0 0 0 4 6 2 0 5 . . . 
. . . 2 0 0 3 0 1 0 0 0 . . . 
7 2 0 0 0 0 0 0 0 0 0 0 8 9 0 
0 0 0 0 0 0 0 0 0 0 0 0 0 0 0 
0 1 0 0 0 0 0 0 0 0 0 0 0 0 4 
1 5 7 0 0 0 0 0 0 0 0 0 6 0 0 
0 8 0 0 0 0 0 0 0 0 0 0 0 5 0 
0 0 3 0 0 0 0 0 0 0 0 0 1 7 9 
2 0 0 0 0 0 0 0 0 0 0 0 0 4 0 
0 0 0 0 0 0 0 0 0 0 0 0 0 0 0 
0 3 8 0 0 0 0 0 0 0 0 0 0 2 6 
. . . 0 0 0 5 0 4 0 0 3 . . . 
. . . 9 0 1 2 7 0 0 0 4 . . . 
. . . 5 0 0 6 0 0 1 0 0 . . . 

   ..5..2..9   
   3...462.5   
   2..3.1...   
72..........89.
...............
.1............4
157.........6..
.8...........5.
..3.........179
2............4.
...............
.38..........26
   ...5.4..3   
   9.127...4   
   5..6..1..   

189 total cells
44 filled cells [23%]
145 empty cells

# --------
# solution
# --------

145782639378946215296351478981634527537219864624578193862493751453167982719825346
725981634864537219319624578157862493982453167643719825291345786576198342438276951
634527891219864537578193264493751682167982453825346179786219345342675918951438726
862493751453167982719825346345786219198342675276951438627514893931278564584639127

. . . 1 4 5 7 8 2 6 3 9 . . . 
. . . 3 7 8 9 4 6 2 1 5 . . . 
. . . 2 9 6 3 5 1 4 7 8 . . . 
7 2 5 9 8 1 6 3 4 5 2 7 8 9 1 
8 6 4 5 3 7 2 1 9 8 6 4 5 3 7 
3 1 9 6 2 4 5 7 8 1 9 3 2 6 4 
1 5 7 8 6 2 4 9 3 7 5 1 6 8 2 
9 8 2 4 5 3 1 6 7 9 8 2 4 5 3 
6 4 3 7 1 9 8 2 5 3 4 6 1 7 9 
2 9 1 3 4 5 7 8 6 2 1 9 3 4 5 
5 7 6 1 9 8 3 4 2 6 7 5 9 1 8 
4 3 8 2 7 6 9 5 1 4 3 8 7 2 6 
. . . 6 2 7 5 1 4 8 9 3 . . . 
. . . 9 3 1 2 7 8 5 6 4 . . . 
. . . 5 8 4 6 3 9 1 2 7 . . . 

   145782639   
   378946215   
   296351478   
725981634527891
864537219864537
319624578193264
157862493751682
982453167982453
643719825346179
291345786219345
576198342675918
438276951438726
   627514893   
   931278564   
   584639127   

189 total cells
189 filled cells [100%]
0 empty cells

