.47..5.69...4...5.1....73........................................................
9........35.........1......6.7................1.......4........2..........9......
......7..........6........9.......4................9.3......5.........64........8
........................................................46....2.7...4...29.1..67.

.47..5.69...4...5.1....73........................................................
9........35.........1......6.7................1.......4........2..........9......
.................................................................................
......7..........6........9.......4................9.3......5.........64........8
........................................................46....2.7...4...29.1..67.

. . . 0 4 7 0 0 5 0 6 9 . . .
. . . 0 0 0 4 0 0 0 5 0 . . .
. . . 1 0 0 0 0 7 3 0 0 . . .
9 0 0 0 0 0 0 0 0 0 0 0 7 0 0
3 5 0 0 0 0 0 0 0 0 0 0 0 0 6
0 0 1 0 0 0 0 0 0 0 0 0 0 0 9
6 0 7 0 0 0 0 0 0 0 0 0 0 4 0
0 0 0 0 0 0 0 0 0 0 0 0 0 0 0
0 1 0 0 0 0 0 0 0 0 0 0 9 0 3
4 0 0 0 0 0 0 0 0 0 0 0 5 0 0
2 0 0 0 0 0 0 0 0 0 0 0 0 6 4
0 0 9 0 0 0 0 0 0 0 0 0 0 0 8
. . . 0 0 4 6 0 0 0 0 2 . . .
. . . 0 7 0 0 0 4 0 0 0 . . .
. . . 2 9 0 1 0 0 6 7 0 . . .

   .47..5.69
   ...4...5.
   1....73..
9...........7..
35............6
..1...........9
6.7..........4.
...............
.1..........9.3
4...........5..
2............64
..9...........8
   ..46....2
   .7...4...
   29.1..67.

189 total cells
40 filled cells [21%]
149 empty cells

# --------
# solution
# --------

347815269826439157159267348273158694618974532594623871485391726761542983932786415
946273158352618974781594623627485391893761542514932786438159267275346819169827435
273158694618974532594623871485391726761542983932786415159267348346819257827435169
158694732974532186623871459391726845542983617786415923267348591819257364435169278
485391726761542983932786415159267348346819257827435169514673892678924531293158674

. . . 3 4 7 8 1 5 2 6 9 . . .
. . . 8 2 6 4 3 9 1 5 7 . . .
. . . 1 5 9 2 6 7 3 4 8 . . .
9 4 6 2 7 3 1 5 8 6 9 4 7 3 2
3 5 2 6 1 8 9 7 4 5 3 2 1 8 6
7 8 1 5 9 4 6 2 3 8 7 1 4 5 9
6 2 7 4 8 5 3 9 1 7 2 6 8 4 5
8 9 3 7 6 1 5 4 2 9 8 3 6 1 7
5 1 4 9 3 2 7 8 6 4 1 5 9 2 3
4 3 8 1 5 9 2 6 7 3 4 8 5 9 1
2 7 5 3 4 6 8 1 9 2 5 7 3 6 4
1 6 9 8 2 7 4 3 5 1 6 9 2 7 8
. . . 5 1 4 6 7 3 8 9 2 . . .
. . . 6 7 8 9 2 4 5 3 1 . . .
. . . 2 9 3 1 5 8 6 7 4 . . .

   347815269
   826439157
   159267348
946273158694732
352618974532186
781594623871459
627485391726845
893761542983617
514932786415923
438159267348591
275346819257364
169827435169278
   514673892
   678924531
   293158674

189 total cells
189 filled cells [100%]
0 empty cells

