.....9357.7.34............4.29.6..4...1..759...4......5..1.....4..9.2...9...3....
9......8..57....2...2.5.1.9.7.....164.96.........4893.........2...58........21.5.
...8........6..........4.......4.873....6.5.....2.7.......8.........6............
....62....6.......7..539....8...637....84....3....5...59..2....8.........1.......
.......1.........5....7..34...7....2....98....724...5....584..6.......9....91....
............6.........1.......9.3.....4.2....319.7.......2..........7........6...
.2.39........45...5.........7895.........41.646.....7.2.5.3.6...1....25..9......8
....8...9...4.3..1.....6..4......4...651..3...8..3.71.6............49.2.4198.....

0 0 0 0 0 9 3 5 7 . . . 9 0 0 0 0 0 0 8 0 
0 7 0 3 4 0 0 0 0 . . . 0 5 7 0 0 0 0 2 0 
0 0 0 0 0 0 0 0 4 . . . 0 0 2 0 5 0 1 0 9 
0 2 9 0 6 0 0 4 0 . . . 0 7 0 0 0 0 0 1 6 
0 0 1 0 0 7 5 9 0 . . . 4 0 9 6 0 0 0 0 0 
0 0 4 0 0 0 0 0 0 . . . 0 0 0 0 4 8 9 3 0 
5 0 0 1 0 0 0 0 0 8 0 0 0 0 0 0 0 0 0 0 2 
4 0 0 9 0 2 0 0 0 6 0 0 0 0 0 5 8 0 0 0 0 
9 0 0 0 3 0 0 0 0 0 0 4 0 0 0 0 2 1 0 5 0 
. . . . . . 0 0 0 0 4 0 8 7 3 . . . . . . 
. . . . . . 0 0 0 0 6 0 5 0 0 . . . . . . 
. . . . . . 0 0 0 2 0 7 0 0 0 . . . . . . 
0 0 0 0 6 2 0 0 0 0 8 0 0 0 0 0 0 0 0 1 0 
0 6 0 0 0 0 0 0 0 0 0 6 0 0 0 0 0 0 0 0 5 
7 0 0 5 3 9 0 0 0 0 0 0 0 0 0 0 7 0 0 3 4 
0 8 0 0 0 6 3 7 0 . . . 0 0 0 7 0 0 0 0 2 
0 0 0 8 4 0 0 0 0 . . . 0 0 0 0 9 8 0 0 0 
3 0 0 0 0 5 0 0 0 . . . 0 7 2 4 0 0 0 5 0 
5 9 0 0 2 0 0 0 0 0 0 0 0 0 0 5 8 4 0 0 6 
8 0 0 0 0 0 0 0 0 6 0 0 0 0 0 0 0 0 0 9 0 
0 1 0 0 0 0 0 0 0 0 1 0 0 0 0 9 1 0 0 0 0 
. . . . . . 0 0 0 9 0 3 0 0 0 . . . . . . 
. . . . . . 0 0 4 0 2 0 0 0 0 . . . . . . 
. . . . . . 3 1 9 0 7 0 0 0 0 . . . . . . 
0 2 0 3 9 0 0 0 0 2 0 0 0 0 0 0 8 0 0 0 9 
0 0 0 0 4 5 0 0 0 0 0 7 0 0 0 4 0 3 0 0 1 
5 0 0 0 0 0 0 0 0 0 0 6 0 0 0 0 0 6 0 0 4 
0 7 8 9 5 0 0 0 0 . . . 0 0 0 0 0 0 4 0 0 
0 0 0 0 0 4 1 0 6 . . . 0 6 5 1 0 0 3 0 0 
4 6 0 0 0 0 0 7 0 . . . 0 8 0 0 3 0 7 1 0 
2 0 5 0 3 0 6 0 0 . . . 6 0 0 0 0 0 0 0 0 
0 1 0 0 0 0 2 5 0 . . . 0 0 0 0 4 9 0 2 0 
0 9 0 0 0 0 0 0 8 . . . 4 1 9 8 0 0 0 0 0 

.....9357   9......8.
.7.34....   .57....2.
........4   ..2.5.1.9
.29.6..4.   .7.....16
..1..759.   4.96.....
..4......   ....4893.
5..1.....8..........2
4..9.2...6.....58....
9...3......4....21.5.
      ....4.873      
      ....6.5..      
      ...2.7...      
....62....8........1.
.6.........6........5
7..539..........7..34
.8...637.   ...7....2
...84....   ....98...
3....5...   .724...5.
59..2..........584..6
8........6.........9.
.1........1....91....
      ...9.3...      
      ..4.2....      
      319.7....      
.2.39....2......8...9
....45.....7...4.3..1
5..........6.....6..4
.7895....   ......4..
.....41.6   .651..3..
46.....7.   .8..3.71.
2.5.3.6..   6........
.1....25.   ....49.2.
.9......8   4198.....

576 total cells
164 filled cells [28%]
412 empty cells

# --------
# solution
# --------

648219357175346982293785614829563741361427598754891236532178469416952873987634125
943162587157894623862357149578239416439615278621748935315476892294583761786921354
469872315873651294125394786216549873397168542584237169931485627752916438648723951
458762931963418752721539648185296374679843215342175869597321486836954127214687593
627345918438169275951872634396751842145298763872436159719584326583627491264913587
486352719127694583593718264258963471674821935319475628865239147932147856741586392
724391865681745932539682741178956324953274186462813579245138697817469253396527418
147582639856493271392716854731268495965174382284935716628351947573649128419827563

6 4 8 2 1 9 3 5 7 . . . 9 4 3 1 6 2 5 8 7 
1 7 5 3 4 6 9 8 2 . . . 1 5 7 8 9 4 6 2 3 
2 9 3 7 8 5 6 1 4 . . . 8 6 2 3 5 7 1 4 9 
8 2 9 5 6 3 7 4 1 . . . 5 7 8 2 3 9 4 1 6 
3 6 1 4 2 7 5 9 8 . . . 4 3 9 6 1 5 2 7 8 
7 5 4 8 9 1 2 3 6 . . . 6 2 1 7 4 8 9 3 5 
5 3 2 1 7 8 4 6 9 8 7 2 3 1 5 4 7 6 8 9 2 
4 1 6 9 5 2 8 7 3 6 5 1 2 9 4 5 8 3 7 6 1 
9 8 7 6 3 4 1 2 5 3 9 4 7 8 6 9 2 1 3 5 4 
. . . . . . 2 1 6 5 4 9 8 7 3 . . . . . . 
. . . . . . 3 9 7 1 6 8 5 4 2 . . . . . . 
. . . . . . 5 8 4 2 3 7 1 6 9 . . . . . . 
4 5 8 7 6 2 9 3 1 4 8 5 6 2 7 3 4 5 9 1 8 
9 6 3 4 1 8 7 5 2 9 1 6 4 3 8 1 6 9 2 7 5 
7 2 1 5 3 9 6 4 8 7 2 3 9 5 1 8 7 2 6 3 4 
1 8 5 2 9 6 3 7 4 . . . 3 9 6 7 5 1 8 4 2 
6 7 9 8 4 3 2 1 5 . . . 1 4 5 2 9 8 7 6 3 
3 4 2 1 7 5 8 6 9 . . . 8 7 2 4 3 6 1 5 9 
5 9 7 3 2 1 4 8 6 3 5 2 7 1 9 5 8 4 3 2 6 
8 3 6 9 5 4 1 2 7 6 9 4 5 8 3 6 2 7 4 9 1 
2 1 4 6 8 7 5 9 3 7 1 8 2 6 4 9 1 3 5 8 7 
. . . . . . 2 5 8 9 6 3 4 7 1 . . . . . . 
. . . . . . 6 7 4 8 2 1 9 3 5 . . . . . . 
. . . . . . 3 1 9 4 7 5 6 2 8 . . . . . . 
7 2 4 3 9 1 8 6 5 2 3 9 1 4 7 5 8 2 6 3 9 
6 8 1 7 4 5 9 3 2 1 4 7 8 5 6 4 9 3 2 7 1 
5 3 9 6 8 2 7 4 1 5 8 6 3 9 2 7 1 6 8 5 4 
1 7 8 9 5 6 3 2 4 . . . 7 3 1 2 6 8 4 9 5 
9 5 3 2 7 4 1 8 6 . . . 9 6 5 1 7 4 3 8 2 
4 6 2 8 1 3 5 7 9 . . . 2 8 4 9 3 5 7 1 6 
2 4 5 1 3 8 6 9 7 . . . 6 2 8 3 5 1 9 4 7 
8 1 7 4 6 9 2 5 3 . . . 5 7 3 6 4 9 1 2 8 
3 9 6 5 2 7 4 1 8 . . . 4 1 9 8 2 7 5 6 3 

648219357   943162587
175346982   157894623
293785614   862357149
829563741   578239416
361427598   439615278
754891236   621748935
532178469872315476892
416952873651294583761
987634125394786921354
      216549873      
      397168542      
      584237169      
458762931485627345918
963418752916438169275
721539648723951872634
185296374   396751842
679843215   145298763
342175869   872436159
597321486352719584326
836954127694583627491
214687593718264913587
      258963471      
      674821935      
      319475628      
724391865239147582639
681745932147856493271
539682741586392716854
178956324   731268495
953274186   965174382
462813579   284935716
245138697   628351947
817469253   573649128
396527418   419827563

576 total cells
576 filled cells [100%]
0 empty cells

