56.......2.8374........8......61..3..8.4..1...7..8..56.2.7......19..3.....7......
......5...4.7.3...1.......3.....46..6.4..2.7532.....8....5....8...3...96...4.8..1
.....7........................4....3..9..2..5.6...59......76......1.4............
..6..5.....7.4......1.6.....2..175...65.....2.......1.4...78......9........6.....
.....9........5......47...2.1.......4.....15...653..8.....8.3......5.8.....1..7..
............4.7......13......78...5.2..5..9..5....1........................6.....
4..3.1...13...9...2....6....8.....9379.5..2.8..38.....3.......1...4.2.3...6......
......3.....4..25......1.7.75..3..9...1..4.2..4..92......6........9234.5.......36

5 6 0 0 0 0 0 0 0 . . . 0 0 0 0 0 0 5 0 0 
2 0 8 3 7 4 0 0 0 . . . 0 4 0 7 0 3 0 0 0 
0 0 0 0 0 8 0 0 0 . . . 1 0 0 0 0 0 0 0 3 
0 0 0 6 1 0 0 3 0 . . . 0 0 0 0 0 4 6 0 0 
0 8 0 4 0 0 1 0 0 . . . 6 0 4 0 0 2 0 7 5 
0 7 0 0 8 0 0 5 6 . . . 3 2 0 0 0 0 0 8 0 
0 2 0 7 0 0 0 0 0 0 0 7 0 0 0 5 0 0 0 0 8 
0 1 9 0 0 3 0 0 0 0 0 0 0 0 0 3 0 0 0 9 6 
0 0 7 0 0 0 0 0 0 0 0 0 0 0 0 4 0 8 0 0 1 
. . . . . . 0 0 0 4 0 0 0 0 3 . . . . . . 
. . . . . . 0 0 9 0 0 2 0 0 5 . . . . . . 
. . . . . . 0 6 0 0 0 5 9 0 0 . . . . . . 
0 0 6 0 0 5 0 0 0 0 7 6 0 0 0 0 0 9 0 0 0 
0 0 7 0 4 0 0 0 0 1 0 4 0 0 0 0 0 5 0 0 0 
0 0 1 0 6 0 0 0 0 0 0 0 0 0 0 4 7 0 0 0 2 
0 2 0 0 1 7 5 0 0 . . . 0 1 0 0 0 0 0 0 0 
0 6 5 0 0 0 0 0 2 . . . 4 0 0 0 0 0 1 5 0 
0 0 0 0 0 0 0 1 0 . . . 0 0 6 5 3 0 0 8 0 
4 0 0 0 7 8 0 0 0 0 0 0 0 0 0 0 8 0 3 0 0 
0 0 0 9 0 0 0 0 0 4 0 7 0 0 0 0 5 0 8 0 0 
0 0 0 6 0 0 0 0 0 1 3 0 0 0 0 1 0 0 7 0 0 
. . . . . . 0 0 7 8 0 0 0 5 0 . . . . . . 
. . . . . . 2 0 0 5 0 0 9 0 0 . . . . . . 
. . . . . . 5 0 0 0 0 1 0 0 0 . . . . . . 
4 0 0 3 0 1 0 0 0 0 0 0 0 0 0 0 0 0 3 0 0 
1 3 0 0 0 9 0 0 0 0 0 0 0 0 0 4 0 0 2 5 0 
2 0 0 0 0 6 0 0 0 6 0 0 0 0 0 0 0 1 0 7 0 
0 8 0 0 0 0 0 9 3 . . . 7 5 0 0 3 0 0 9 0 
7 9 0 5 0 0 2 0 8 . . . 0 0 1 0 0 4 0 2 0 
0 0 3 8 0 0 0 0 0 . . . 0 4 0 0 9 2 0 0 0 
3 0 0 0 0 0 0 0 1 . . . 0 0 0 6 0 0 0 0 0 
0 0 0 4 0 2 0 3 0 . . . 0 0 0 9 2 3 4 0 5 
0 0 6 0 0 0 0 0 0 . . . 0 0 0 0 0 0 0 3 6 

56.......   ......5..
2.8374...   .4.7.3...
.....8...   1.......3
...61..3.   .....46..
.8.4..1..   6.4..2.75
.7..8..56   32.....8.
.2.7.......7...5....8
.19..3.........3...96
..7............4.8..1
      ...4....3      
      ..9..2..5      
      .6...59..      
..6..5....76.....9...
..7.4....1.4.....5...
..1.6..........47...2
.2..175..   .1.......
.65.....2   4.....15.
.......1.   ..653..8.
4...78..........8.3..
...9.....4.7....5.8..
...6.....13....1..7..
      ..78...5.      
      2..5..9..      
      5....1...      
4..3.1............3..
13...9.........4..25.
2....6...6.......1.7.
.8.....93   75..3..9.
79.5..2.8   ..1..4.2.
..38.....   .4..92...
3.......1   ...6.....
...4.2.3.   ...9234.5
..6......   .......36

576 total cells
160 filled cells [27%]
416 empty cells

# --------
# solution
# --------

564291387298374561731568249452617938986435172173982456825749613619853724347126895
263849517945713862178256943857134629614982375329675184492561738581327496736498251
613857492724693581895241736578469213139782645462315978281976354956134827347528169
346795281287143956591862347928417563165389472734526819419278635673954128852631794
354219678827365419169478532512847963438926157976531284741682395693754821285193746
635982741128457693794136285967823154281564937543791862872349516456218379319675428
469351872137289456258746319581624793794513268623897145342975681815462937976138524
516279348379468251428351679752136894961784523843592167135647982687923415294815736

5 6 4 2 9 1 3 8 7 . . . 2 6 3 8 4 9 5 1 7 
2 9 8 3 7 4 5 6 1 . . . 9 4 5 7 1 3 8 6 2 
7 3 1 5 6 8 2 4 9 . . . 1 7 8 2 5 6 9 4 3 
4 5 2 6 1 7 9 3 8 . . . 8 5 7 1 3 4 6 2 9 
9 8 6 4 3 5 1 7 2 . . . 6 1 4 9 8 2 3 7 5 
1 7 3 9 8 2 4 5 6 . . . 3 2 9 6 7 5 1 8 4 
8 2 5 7 4 9 6 1 3 8 5 7 4 9 2 5 6 1 7 3 8 
6 1 9 8 5 3 7 2 4 6 9 3 5 8 1 3 2 7 4 9 6 
3 4 7 1 2 6 8 9 5 2 4 1 7 3 6 4 9 8 2 5 1 
. . . . . . 5 7 8 4 6 9 2 1 3 . . . . . . 
. . . . . . 1 3 9 7 8 2 6 4 5 . . . . . . 
. . . . . . 4 6 2 3 1 5 9 7 8 . . . . . . 
3 4 6 7 9 5 2 8 1 9 7 6 3 5 4 2 1 9 6 7 8 
2 8 7 1 4 3 9 5 6 1 3 4 8 2 7 3 6 5 4 1 9 
5 9 1 8 6 2 3 4 7 5 2 8 1 6 9 4 7 8 5 3 2 
9 2 8 4 1 7 5 6 3 . . . 5 1 2 8 4 7 9 6 3 
1 6 5 3 8 9 4 7 2 . . . 4 3 8 9 2 6 1 5 7 
7 3 4 5 2 6 8 1 9 . . . 9 7 6 5 3 1 2 8 4 
4 1 9 2 7 8 6 3 5 9 8 2 7 4 1 6 8 2 3 9 5 
6 7 3 9 5 4 1 2 8 4 5 7 6 9 3 7 5 4 8 2 1 
8 5 2 6 3 1 7 9 4 1 3 6 2 8 5 1 9 3 7 4 6 
. . . . . . 9 6 7 8 2 3 1 5 4 . . . . . . 
. . . . . . 2 8 1 5 6 4 9 3 7 . . . . . . 
. . . . . . 5 4 3 7 9 1 8 6 2 . . . . . . 
4 6 9 3 5 1 8 7 2 3 4 9 5 1 6 2 7 9 3 4 8 
1 3 7 2 8 9 4 5 6 2 1 8 3 7 9 4 6 8 2 5 1 
2 5 8 7 4 6 3 1 9 6 7 5 4 2 8 3 5 1 6 7 9 
5 8 1 6 2 4 7 9 3 . . . 7 5 2 1 3 6 8 9 4 
7 9 4 5 1 3 2 6 8 . . . 9 6 1 7 8 4 5 2 3 
6 2 3 8 9 7 1 4 5 . . . 8 4 3 5 9 2 1 6 7 
3 4 2 9 7 5 6 8 1 . . . 1 3 5 6 4 7 9 8 2 
8 1 5 4 6 2 9 3 7 . . . 6 8 7 9 2 3 4 1 5 
9 7 6 1 3 8 5 2 4 . . . 2 9 4 8 1 5 7 3 6 

564291387   263849517
298374561   945713862
731568249   178256943
452617938   857134629
986435172   614982375
173982456   329675184
825749613857492561738
619853724693581327496
347126895241736498251
      578469213      
      139782645      
      462315978      
346795281976354219678
287143956134827365419
591862347528169478532
928417563   512847963
165389472   438926157
734526819   976531284
419278635982741682395
673954128457693754821
852631794136285193746
      967823154      
      281564937      
      543791862      
469351872349516279348
137289456218379468251
258746319675428351679
581624793   752136894
794513268   961784523
623897145   843592167
342975681   135647982
815462937   687923415
976138524   294815736

576 total cells
576 filled cells [100%]
0 empty cells

