.3..64....6.12....194..7..5..7.9.314.89......4......8.8.........7..4........1....
3....2.....1.9.......5...2.1.........8.4.753..6...3.8....3.4.68...27.4.......8.1.
....8.........3.............1..7.......6.........2.981...2........3........5.....
2....8...3........6.9......1..5.3......2...13........2.6..7....9.1......8...69...
...28...6......1.9....6..5.5........24...7......6.5..2......3.8........5...4....1
.....4........3........9...347.5.........8.......9..5.............8.........3....
.4.2.......8.51...93.4.7....5.7...3..925.8.1.........5.6...9.......4.7.....1....6
....5........1..9.........4.2......1......94.671.3.8..7..8..419....91.3....54..6.

0 3 0 0 6 4 0 0 0 . . . 3 0 0 0 0 2 0 0 0 
0 6 0 1 2 0 0 0 0 . . . 0 0 1 0 9 0 0 0 0 
1 9 4 0 0 7 0 0 5 . . . 0 0 0 5 0 0 0 2 0 
0 0 7 0 9 0 3 1 4 . . . 1 0 0 0 0 0 0 0 0 
0 8 9 0 0 0 0 0 0 . . . 0 8 0 4 0 7 5 3 0 
4 0 0 0 0 0 0 8 0 . . . 0 6 0 0 0 3 0 8 0 
8 0 0 0 0 0 0 0 0 0 8 0 0 0 0 3 0 4 0 6 8 
0 7 0 0 4 0 0 0 0 0 0 3 0 0 0 2 7 0 4 0 0 
0 0 0 0 1 0 0 0 0 0 0 0 0 0 0 0 0 8 0 1 0 
. . . . . . 0 1 0 0 7 0 0 0 0 . . . . . . 
. . . . . . 0 0 0 6 0 0 0 0 0 . . . . . . 
. . . . . . 0 0 0 0 2 0 9 8 1 . . . . . . 
2 0 0 0 0 8 0 0 0 2 0 0 0 0 0 2 8 0 0 0 6 
3 0 0 0 0 0 0 0 0 3 0 0 0 0 0 0 0 0 1 0 9 
6 0 9 0 0 0 0 0 0 5 0 0 0 0 0 0 6 0 0 5 0 
1 0 0 5 0 3 0 0 0 . . . 5 0 0 0 0 0 0 0 0 
0 0 0 2 0 0 0 1 3 . . . 2 4 0 0 0 7 0 0 0 
0 0 0 0 0 0 0 0 2 . . . 0 0 0 6 0 5 0 0 2 
0 6 0 0 7 0 0 0 0 0 0 4 0 0 0 0 0 0 3 0 8 
9 0 1 0 0 0 0 0 0 0 0 3 0 0 0 0 0 0 0 0 5 
8 0 0 0 6 9 0 0 0 0 0 9 0 0 0 4 0 0 0 0 1 
. . . . . . 3 4 7 0 5 0 0 0 0 . . . . . . 
. . . . . . 0 0 0 0 0 8 0 0 0 . . . . . . 
. . . . . . 0 0 0 0 9 0 0 5 0 . . . . . . 
0 4 0 2 0 0 0 0 0 0 0 0 0 0 0 0 5 0 0 0 0 
0 0 8 0 5 1 0 0 0 8 0 0 0 0 0 0 1 0 0 9 0 
9 3 0 4 0 7 0 0 0 0 3 0 0 0 0 0 0 0 0 0 4 
0 5 0 7 0 0 0 3 0 . . . 0 2 0 0 0 0 0 0 1 
0 9 2 5 0 8 0 1 0 . . . 0 0 0 0 0 0 9 4 0 
0 0 0 0 0 0 0 0 5 . . . 6 7 1 0 3 0 8 0 0 
0 6 0 0 0 9 0 0 0 . . . 7 0 0 8 0 0 4 1 9 
0 0 0 0 4 0 7 0 0 . . . 0 0 0 0 9 1 0 3 0 
0 0 0 1 0 0 0 0 6 . . . 0 0 0 5 4 0 0 6 0 

.3..64...   3....2...
.6.12....   ..1.9....
194..7..5   ...5...2.
..7.9.314   1........
.89......   .8.4.753.
4......8.   .6...3.8.
8.........8....3.4.68
.7..4......3...27.4..
....1............8.1.
      .1..7....      
      ...6.....      
      ....2.981      
2....8...2.....28...6
3........3........1.9
6.9......5......6..5.
1..5.3...   5........
...2...13   24...7...
........2   ...6.5..2
.6..7......4......3.8
9.1........3........5
8...69.....9...4....1
      347.5....      
      .....8...      
      ....9..5.      
.4.2............5....
..8.51...8......1..9.
93.4.7....3.........4
.5.7...3.   .2......1
.925.8.1.   ......94.
........5   671.3.8..
.6...9...   7..8..419
....4.7..   ....91.3.
...1....6   ...54..6.

576 total cells
158 filled cells [27%]
418 empty cells

# --------
# solution
# --------

732564891568129437194387265257698314389451726416732589825976143671843952943215678
358742196241896375697531824173985642982467531564123789725314968816279453439658217
143986725952743816678152439514879263829631547736425981367298154295314678481567392
214958367387416295659732481126543978548297613793681542462175839931824756875369124
154289736678543129392761854563124987241897563987635412716952348429318675835476291
839524716756183429124679835347256981915348672682791354578962143493815267261437598
641293578278651493935487261856712934492538617317964825564379182123846759789125346
143259687267418593598376124924685371835127946671934852752863419486791235319542768

7 3 2 5 6 4 8 9 1 . . . 3 5 8 7 4 2 1 9 6 
5 6 8 1 2 9 4 3 7 . . . 2 4 1 8 9 6 3 7 5 
1 9 4 3 8 7 2 6 5 . . . 6 9 7 5 3 1 8 2 4 
2 5 7 6 9 8 3 1 4 . . . 1 7 3 9 8 5 6 4 2 
3 8 9 4 5 1 7 2 6 . . . 9 8 2 4 6 7 5 3 1 
4 1 6 7 3 2 5 8 9 . . . 5 6 4 1 2 3 7 8 9 
8 2 5 9 7 6 1 4 3 9 8 6 7 2 5 3 1 4 9 6 8 
6 7 1 8 4 3 9 5 2 7 4 3 8 1 6 2 7 9 4 5 3 
9 4 3 2 1 5 6 7 8 1 5 2 4 3 9 6 5 8 2 1 7 
. . . . . . 5 1 4 8 7 9 2 6 3 . . . . . . 
. . . . . . 8 2 9 6 3 1 5 4 7 . . . . . . 
. . . . . . 7 3 6 4 2 5 9 8 1 . . . . . . 
2 1 4 9 5 8 3 6 7 2 9 8 1 5 4 2 8 9 7 3 6 
3 8 7 4 1 6 2 9 5 3 1 4 6 7 8 5 4 3 1 2 9 
6 5 9 7 3 2 4 8 1 5 6 7 3 9 2 7 6 1 8 5 4 
1 2 6 5 4 3 9 7 8 . . . 5 6 3 1 2 4 9 8 7 
5 4 8 2 9 7 6 1 3 . . . 2 4 1 8 9 7 5 6 3 
7 9 3 6 8 1 5 4 2 . . . 9 8 7 6 3 5 4 1 2 
4 6 2 1 7 5 8 3 9 5 2 4 7 1 6 9 5 2 3 4 8 
9 3 1 8 2 4 7 5 6 1 8 3 4 2 9 3 1 8 6 7 5 
8 7 5 3 6 9 1 2 4 6 7 9 8 3 5 4 7 6 2 9 1 
. . . . . . 3 4 7 2 5 6 9 8 1 . . . . . . 
. . . . . . 9 1 5 3 4 8 6 7 2 . . . . . . 
. . . . . . 6 8 2 7 9 1 3 5 4 . . . . . . 
6 4 1 2 9 3 5 7 8 9 6 2 1 4 3 2 5 9 6 8 7 
2 7 8 6 5 1 4 9 3 8 1 5 2 6 7 4 1 8 5 9 3 
9 3 5 4 8 7 2 6 1 4 3 7 5 9 8 3 7 6 1 2 4 
8 5 6 7 1 2 9 3 4 . . . 9 2 4 6 8 5 3 7 1 
4 9 2 5 3 8 6 1 7 . . . 8 3 5 1 2 7 9 4 6 
3 1 7 9 6 4 8 2 5 . . . 6 7 1 9 3 4 8 5 2 
5 6 4 3 7 9 1 8 2 . . . 7 5 2 8 6 3 4 1 9 
1 2 3 8 4 6 7 5 9 . . . 4 8 6 7 9 1 2 3 5 
7 8 9 1 2 5 3 4 6 . . . 3 1 9 5 4 2 7 6 8 

732564891   358742196
568129437   241896375
194387265   697531824
257698314   173985642
389451726   982467531
416732589   564123789
825976143986725314968
671843952743816279453
943215678152439658217
      514879263      
      829631547      
      736425981      
214958367298154289736
387416295314678543129
659732481567392761854
126543978   563124987
548297613   241897563
793681542   987635412
462175839524716952348
931824756183429318675
875369124679835476291
      347256981      
      915348672      
      682791354      
641293578962143259687
278651493815267418593
935487261437598376124
856712934   924685371
492538617   835127946
317964825   671934852
564379182   752863419
123846759   486791235
789125346   319542768

576 total cells
576 filled cells [100%]
0 empty cells

