620000058500080001000901000009000500070000020800000009000000000000090000000608000
830000051900050007000307000006000200040000070500000003000000000000010000000504000
970000052600030007000902000008000100030000080500000009000000000000040000000506000
520000071800030005000504000002000700070000030100000004000000000000060000000702000
540000012900030007000102000002000700050000060100000003000000000000060000000208000
820000041300040005000201000007000400010000020200000008000000000000050000000306000
370000028400030005000602000003000100090000050100000002000000000000020000000804000
940000027800060004000907000003000100060000040200000009000000000000090000000106000
980000012500060009000409000003000900060000030700000005000000000000070000000103000
350006000700020000000700000001000003020000050007000006000200000800010000240005000
000108000000050000000300000407000006010000020500000904000004000000030000000802000
000907000000080000000400000407000008020000040800000601000002000000040000000701000
000705000000040000000600000801000004060000020400000803000007000000050000000904000
000109000000030000000400000701000003030000070600000908000008000000090000000504000
000701000000020000000400000403000009090000030700000408000003000000060000000208000
000509000000020000000600000501000007060000020400000103000006000000080000000107000
000807000000030000000200000402000007090000020300000501000002000000070000000408000
000506000000020000000900000506000002070000080800000704000008000000070000000109000
000200078000080006000001000700000800050000040300000600000005000000060002000400053
000308000000040000000005000800000604010000020407000009000100000000090000000406000
000405000000010000000009000400000607090000010807000009000300000000080000000902000
000907000000080000000002000200000806030000070605000002000300000000020000000408000
000507000000010000000004000800000607090000030607000004000200000000050000000309000
000803000000090000000001000400000809020000030106000002000700000000010000000604000
000504000000060000000009000100000702030000060605000009000400000000010000000205000
000602000000030000000004000100000902080000050504000007000700000000090000000508000
000305000000060000000001000400000508080000060501000009000100000000050000000602000
000103000000020000000005000100000204030000080702000001000800000000010000000504000
530008000600020000000500000005000002020000070007000008000600000400010000980007000
000103000000050000000200000104000005080000060700000203000008000000030000000405000
000207000000010000000900000805000007020000030600000208000003000000090000000801000
000503000000010000000200000406000001020000030800000902000006000000030000000409000
000708000000090000000100000501000003090000020400000901000004000000020000000601000
000407000000010000000800000104000009030000050700000204000008000000070000000304000
000107000000060000000500000905000001010000080800000504000006000000030000000208000
000507000000090000000400000603000001020000070900000408000005000000070000000804000
000906000000080000000300000604000009010000080700000603000008000000090000000405000
000100063000090002000006000100000900070000010600000200000005000000040007000700048
000701000000080000000004000500000403080000010304000008000500000000040000000102000
000105000000070000000004000400000801080000090901000005000300000000020000000608000
000408000000010000000005000700000504040000010306000009000300000000080000000106000
000609000000020000000004000400000302050000060601000009000300000000040000000902000
000209000000010000000005000600000105010000020405000009000900000000050000000603000
000307000000040000000005000900000803030000010708000004000500000000070000000408000
000209000000030000000008000300000504070000010904000003000900000000010000000305000
000605000000080000000004000700000401040000070502000006000300000000050000000901000
000106000000020000000004000300000805050000030704000002000700000000040000000602000
530004000700080000000200000003000005020000040009000001000700000800040000310002000
000205000000090000000800000703000002060000050400000306000002000000040000000309000
000703000000010000000900000201000003030000010800000602000006000000030000000207000
000903000000020000000100000105000002090000070200000608000007000000030000000804000
000306000000050000000200000609000007070000030300000608000008000000060000000405000
000502000000060000000800000607000004050000030800000507000006000000040000000201000
000809000000010000000600000309000006060000020500000708000004000000090000000203000
000508000000060000000300000203000005010000040800000702000001000000050000000604000
000207000000030000000600000908000004020000050100000309000003000000020000000501000
000400013000090007000002000400000700050000020300000100000005000000030001000900058
000702000000060000000005000700000405030000020205000006000200000000030000000401000
000805000000060000000004000700000504090000070204000001000300000000050000000209000
000609000000030000000004000200000104010000060605000003000800000000020000000906000
000106000000090000000003000300000204020000010904000005000200000000080000000401000
000305000000040000000006000100000703060000040207000008000800000000030000000607000
000608000000050000000007000600000408020000070804000001000300000000060000000102000
000302000000060000000004000100000409050000030807000006000600000000080000000409000
000104000000070000000008000800000402070000090902000008000200000000090000000706000
000902000000080000000007000200000406010000050403000001000200000000040000000309000
870005000900070000000100000004000003010000020006000001000400000500080000640003000
000704000000090000000300000406000007080000010300000609000009000000060000000205000
000602000000030000000400000704000008010000040200000309000003000000050000000207000
000701000000030000000200000507000006010000080800000405000007000000040000000503000
000803000000050000000600000905000007040000030200000906000004000000030000000207000
000506000000040000000300000403000008050000010200000504000002000000050000000901000
000302000000050000000800000609000007030000020500000309000005000000090000000106000
000901000000030000000200000504000003090000060100000204000004000000010000000503000
000204000000030000000600000705000009080000050100000803000001000000090000000308000
000700026000090004000003000300000700090000050100000800000002000000040002000900035
000609000000030000000004000300000109040000070706000004000200000000060000000105000
000108000000090000000007000600000503010000080802000004000600000000010000000509000
000604000000080000000007000600000501090000060507000008000700000000040000000302000
000107000000050000000008000400000703080000040702000008000900000000030000000204000
000403000000090000000001000400000801090000060608000004000200000000030000000106000
000207000000060000000003000500000109070000020402000007000700000000020000000805000
000609000000050000000003000100000905080000040309000001000300000000090000000807000
000704000000080000000005000300000702060000010204000005000600000000070000000508000
000809000000070000000006000200000105070000040809000002000200000000060000000108000
980003000200050000000800000002000008040000020003000001000100000500090000390002000
000803000000070000000900000208000004060000070100000806000007000000090000000204000
000607000000080000000900000304000006050000080700000503000005000000090000000408000
000507000000010000000400000704000006090000030300000104000009000000060000000105000
000608000000040000000700000804000001070000080600000509000004000000010000000903000
000104000000060000000800000701000002020000040300000501000005000000010000000206000
000506000000090000000300000108000004070000050600000809000008000000060000000905000
000209000000040000000800000609000007010000060700000305000005000000080000000402000
000609000000030000000800000306000007080000010700000402000008000000060000000704000
000400057000060002000008000400000200090000010200000900000003000000020008000700021
000805000000060000000000000600000005040000010007000400000503000900080004570000098
000106000000020000000000000200000005060000040009000800000501000800060004430000057
000208000000070000000000000300000005080000010004000200000803000100050009270000053
000904000000030000000000000900000004040000030002000500000207000800010005650000021
000504000000010000000000000500000001040000070009000500000608000300050002810000063
000609000000010000000000000300000005080000090009000100000103000500020001170000038
000304000000050000000000000600000009050000030007000500000701000800030005370000024
000507000000060000000000000200000006040000030006000100000905000300080004450000019
000601000000080000000000000100000009020000060003000200000508000900020004710000098

referenced here:
http://forum.enjoysudoku.com/gattai-105-t30119.html
the link provided is dead:
http://puzzle.gr.jp/show/English/NPProblems/Image/HugeGattai
found the puzzle here:
http://www.rcbroughton.co.uk/sudoku/forum/viewtopic.php?f=4&t=834

